	         R        PHI       Z              R           PHI      Z
----------------------------------------------------------------------------
'NOT USED'    0.0000       0.0    0.0000         0.0000       0.0    0.0000
'NOT-USED'    0.0000       0.0    0.0000         0.0000       0.0    0.0000
'BACKGRND'    0.0000       0.0    0.0000         0.0000       0.0    0.0000
'NEON    '    0.0000       0.0    0.0000         0.0000       0.0    0.0000
'NE-LAMP '    0.0000       0.0    0.0000         0.0000       0.0    0.0000
'WPG-01  '    0.0000       0.0    0.0000         0.0000       0.0    0.0000
'WPG-02  '    0.0000       0.0    0.0000         0.0000       0.0    0.0000
'RTN-01  '     1.0500    33.7065    -0.6082     1.66272    34.05096    -0.92979
'RTN-02  '     1.0500    33.7065    -0.6082     1.65106    34.03519    -0.95384
'RTN-03  '     1.0500    33.7065    -0.6082     1.64159    34.05661    -0.97988
'RTN-04  '     1.0500    33.7065    -0.6082     1.63271    34.07735    -1.00661
'RTN-05  '     1.0500    33.7065    -0.6082     1.62475    34.07646    -1.03661
'RTN-06  '     1.0500    33.7065    -0.6082     1.61692    34.09757    -1.06613
'RTN-07  '     1.0500    33.7065    -0.6082     1.60896    34.10028    -1.09613
'RXV-01  '     1.7519    44.9454    -1.0007     1.27177    44.96652    -1.01997
'RXV-02  '     1.7519    44.9454    -1.0007     1.28328    44.95306    -0.98705
'RXV-03  '     1.7519    44.9454    -1.0007     1.28700    44.98112    -0.95429
'RXV-04  '     1.7519    44.9454    -1.0007     1.28447    44.97962    -0.91986
'RXV-05  '     1.7519    44.9454    -1.0007     1.27492    44.94199    -0.88167
'RXV-06  '     1.7519    44.9454    -1.0007     1.25633    44.93937    -0.83858
'RXV-07  '     1.7519    44.9454    -1.0007     1.22627    44.95344    -0.78755
'RXV-08  '     1.7519    44.9454    -1.0007     1.18591    44.91152    -0.72462
'RXV-09  '     1.7519    44.9454    -1.0007     1.13988    44.90914    -0.65285
'DME-01  '     1.4789    33.9623    -1.1588     1.58439    34.01396    -1.18869
'DME-03  '     1.4789    33.9623    -1.1588     1.59054    34.01271    -1.16553
'DME-04  '     1.4789    33.9623    -1.1588     1.59361    34.00693    -1.15396
'DME-05  '     1.4789    33.9623    -1.1588     1.59696    33.99857    -1.14132
'DME-06  '     1.4789    33.9623    -1.1588     1.60103    34.02283    -1.12600
'DME-08  '     1.4478    33.7627    -1.1238     1.60932    34.04282    -1.09478
'DME-09  '     1.4478    33.7627    -1.1238     1.61478    34.03633    -1.07420
'DME-10  '     1.4478    33.7627    -1.1238     1.62107    34.04163    -1.05049
'DME-11  '     1.4478    33.7627    -1.1238     1.62837    34.05750    -1.02299
'DMB-01  '     1.4789    33.9623    -1.1588     1.58457    34.42779    -1.18802
'DMB-02  '     1.4789    33.9623    -1.1588     1.58754    34.44172    -1.17683
'DMB-03  '     1.4789    33.9623    -1.1588     1.59067    34.43330    -1.16502
'DMB-04  '     1.4789    33.9623    -1.1588     1.59403    34.44186    -1.15237
'DMB-05  '     1.4789    33.9623    -1.1588     1.59734    34.44062    -1.13991
'DMB-06  '     1.4789    33.9623    -1.1588     1.60119    34.43081    -1.12539
'DMB-07  '     1.4478    33.7627    -1.1238     1.60445    34.44476    -1.11310
'DMB-09  '     1.4478    33.7627    -1.1238     1.61508    34.44031    -1.07305
'DMB-10  '     1.4478    33.7627    -1.1238     1.62133    34.45348    -1.04952
'DMB-11  '     1.4478    33.7627    -1.1238     1.62850    34.44826    -1.02249
'DMC-01  '     1.4789    33.9623    -1.1588     1.58456    34.88529    -1.18805
'DMC-02  '     1.4789    33.9623    -1.1588     1.58766    34.88462    -1.17635
'DMC-03  '     1.4789    33.9623    -1.1588     1.59075    34.87765    -1.16472
'DMC-04  '     1.4789    33.9623    -1.1588     1.59398    34.88897    -1.15254
'DMC-05  '     1.4789    33.9623    -1.1588     1.59762    34.87747    -1.13885
'DMC-06  '     1.4789    33.9623    -1.1588     1.60116    34.87731    -1.12551
'DMC-07  '     1.4478    33.7627    -1.1238     1.60455    34.87064    -1.11275
'DMC-08  '     1.4478    33.7627    -1.1238     1.60939    34.86394    -1.09451
'DMC-09  '     1.4478    33.7627    -1.1238     1.61549    34.90635    -1.07153
'DMC-10  '     1.4478    33.7627    -1.1238     1.62186    34.88167    -1.04751
'DMC-11  '     1.4478    33.7627    -1.1238     1.62890    34.86100    -1.02099
'ROV-01  '     1.4376    45.0408    -1.1940     1.58078    45.09224    -1.20229
'ROV-02  '     1.4376    45.0408    -1.1940     1.58380    45.05620    -1.19090
'ROV-03  '     1.4376    45.0408    -1.1940     1.58726    45.04365    -1.17788
'ROV-04  '     1.4376    45.0408    -1.1940     1.59070    45.03192    -1.16492
'ROV-05  '     1.4376    45.0408    -1.1940     1.59465    45.01671    -1.15004
'ROV-06  '     1.4376    45.0408    -1.1940     1.59843    45.00767    -1.13580
'ROV-07  '     1.4376    45.0408    -1.1940     1.60310    45.00716    -1.11820
'ROV-08  '     1.4088    45.1652    -1.1471     1.60193    45.04308    -1.12261
'ROV-09  '     1.4088    45.1652    -1.1471     1.60650    45.05096    -1.10537
'ROV-10  '     1.4088    45.1652    -1.1471     1.61170    45.04556    -1.08577
'ROV-11  '     1.4088    45.1652    -1.1471     1.61719    45.02932    -1.06510
'ROV-12  '     1.4088    45.1652    -1.1471     1.62356    45.03809    -1.04111
'ROV-13  '     1.4088    45.1652    -1.1471     1.63090    45.03743    -1.01343
'ROV-14  '     1.4088    45.1652    -1.1471     1.64142    45.05396    -0.98035
'RIN-01  '     1.3997    22.9694    -1.2339     1.10808    24.24929     0.56000
'RIN-02  '     1.3997    22.9694    -1.2339     1.18188    24.30890     0.83947
'RIN-03  '     1.3997    22.9694    -1.2339     1.29153    24.15459     1.03537
'RIN-04  '     1.3997    22.9694    -1.2339     1.42323    23.98660     1.14232
'RIN-05  '     1.3997    22.9694    -1.2339     1.56586    23.74206     1.16661
'RIN-07  '     1.3997    22.9694    -1.2339     1.82236    23.47526     1.00013
'RIN-08  '     1.3997    22.9694    -1.2339     1.91825    23.32860     0.84697
'ZIV-02  '     1.4380    22.7672    -1.2173     1.58253    36.43215     1.16038
'ZIV-03  '     1.4380    22.7672    -1.2173     1.12576    30.98154     0.63535
'ZIV-04  '     1.4380    22.7672    -1.2173     1.06270    27.48881     0.30917
'ZIV-05  '     1.4380    22.7672    -1.2173     1.04355    26.03425     0.04570
'ZIV-06  '     1.4380    22.7672    -1.2173     1.05247    25.17391    -0.20248
'ZIV-07  '     1.4380    22.7672    -1.2173     1.08067    24.50244    -0.42182
'ZIV-08  '     1.4380    22.7672    -1.2173     1.28653    23.27673    -0.92810
'ZON-01  '     1.3523    23.0772    -1.1682     1.79254    22.60836    -0.77859
'ZON-02  '     1.3523    23.0772    -1.1682     2.00390    22.39031    -0.51933
'ZON-03  '     1.3523    23.0772    -1.1682     2.09596    22.27635    -0.33961
'ZON-04  '     1.3523    23.0772    -1.1682     2.16932    22.17696    -0.14450
'ZON-05  '     1.3523    23.0772    -1.1682     2.20130    22.06164     0.03402
'ZON-07  '     1.3523    23.0772    -1.1682     2.17240    21.93495     0.34072
'ZON-08  '     1.3523    23.0772    -1.1682     2.12561    21.84429     0.46578
'ZON-09  '     1.3523    23.0772    -1.1682     2.06917    21.83421     0.59874
'RH1-01  '     2.5492     7.1641    -0.2980     1.25718     7.41385    -0.84038
'RH1-03  '     2.5492     7.1641    -0.2980     1.16210     7.05445    -0.68749
'RH1-04  '     2.5492     7.1641    -0.2980     1.12093     6.90490    -0.60705
'RH1-05  '     2.5492     7.1641    -0.2980     1.09884     6.73960    -0.51769
'RH1-06  '     2.5492     7.1641    -0.2980     1.08197     6.44533    -0.42869
'RH1-07  '     2.5492     7.1641    -0.2980     1.06634     6.18337    -0.33874
'RH1-08  '     2.5492     7.1641    -0.2980     1.05735     6.02598    -0.25040
'RH1-09  '     2.5492     7.1641    -0.2980     1.04797     5.79819    -0.15833
'RH2-01  '     2.5465     7.1050     0.3039     1.04402     6.42104     0.01003
'RH2-02  '     2.5465     7.1050     0.3039     1.04441     6.25269     0.10548
'RH2-03  '     2.5465     7.1050     0.3039     1.05167     6.08989     0.20029
'RH2-05  '     2.5465     7.1050     0.3039     1.07362     6.06261     0.38430
'RH2-06  '     2.5465     7.1050     0.3039     1.08907     5.99091     0.47224
'RH2-07  '     2.5465     7.1050     0.3039     1.10792     5.96980     0.55923
'RH2-09  '     2.5465     7.1050     0.3039     1.15320     5.80970     0.73234
'RIV-01  '     1.3791     0.1284    -1.1770     1.23997   359.99402    -1.11093
'RIV-02  '     1.3791     0.1284    -1.1770     1.24417   359.97083    -1.09892
'RIV-03  '     1.3791     0.1284    -1.1770     1.24829   359.98321    -1.08712
'RIV-04  '     1.3791     0.1284    -1.1770     1.25332   359.95623    -1.07274
'RIV-05  '     1.3791     0.1284    -1.1770     1.25849   359.95964    -1.05795
'RIV-06  '     1.3791     0.1284    -1.1770     1.26342   359.90409    -1.04386
'RIV-07  '     1.4193     0.6442    -1.1351     1.26304     0.01388    -1.04496
'RIV-08  '     1.4193     0.6442    -1.1351     1.26804     0.02220    -1.03063
'RIV-09  '     1.4193     0.6442    -1.1351     1.27357     0.00982    -1.01483
'RIV-10  '     1.4193     0.6442    -1.1351     1.27904     0.00134    -0.99917
'RIV-11  '     1.4193     0.6442    -1.1351     1.28497   359.99093    -0.98146
'RIV-12  '     1.4193     0.6442    -1.1351     1.28700   359.99488    -0.95713
'DOT-01  '     2.2533   289.3835     0.5100     1.33153   304.05757    -1.06300
'DOT-02  '     2.2533   289.3835     0.5100     1.32098   300.58045    -1.06461
'DOT-03  '     2.2533   289.3835     0.5100     1.31190   297.18964    -1.07183
'DOT-04  '     2.2533   289.3835     0.5100     1.31081   293.74988    -1.07270
'DOT-05  '     2.2533   289.3835     0.5100     1.32021   290.32036    -1.06522
'DOT-06  '     2.2533   289.3835     0.5100     1.33084   287.03398    -1.06300
'BEP-1-1 '     2.2647   125.9631    -0.4314     2.0881   156.0843    -0.2435
'BEP-2-1 '     2.2647   125.9631    -0.4314     2.0734   156.3996    -0.2452
'BEP-3-1 '     2.2647   125.9631    -0.4314     2.0580   156.7377    -0.2473
'BEP-4-1 '     2.2647   125.9631    -0.4314     2.0428   157.0789    -0.2494
'BEP-5-1 '     2.2647   125.9631    -0.4314     2.0273   157.4298    -0.2510
'BEP-1-2 '     2.2895   126.3298    -0.3455     2.0890   156.0869    -0.2435
'BEP-2-2 '     2.2895   126.3298    -0.3455     2.0737   156.4173    -0.2454
'BEP-3-2 '     2.2895   126.3298    -0.3455     2.0580   156.7674    -0.2481
'BEP-4-2 '     2.2895   126.3298    -0.3455     2.0423   157.1184    -0.2500
'BEP-5-2 '     2.2895   126.3298    -0.3455     2.0267   157.4765    -0.2521
'BEP-1-3 '     2.3008   127.4462    -0.2606     2.0900   156.0964    -0.2459
'BEP-2-3 '     2.3008   127.4462    -0.2606     2.0738   156.4476    -0.2484
'BEP-3-3 '     2.3008   127.4462    -0.2606     2.0579   156.8020    -0.2509
'BEP-4-3 '     2.3008   127.4462    -0.2606     2.0419   157.1625    -0.2532
'BEP-5-3 '     2.3008   127.4462    -0.2606     2.0246   157.5604    -0.2553
'L-09-01 '     1.1065   191.3124     0.5527     2.1189   197.6367     0.4792
'L-09-02 '     1.1058   191.3024     0.5492     2.1549   197.7395     0.3924
'L-09-03 '     1.1050   191.2887     0.5458     2.1837   197.7710     0.2983
'L-09-04 '     1.1042   191.2778     0.5423     2.1998   197.7969     0.1991
'L-09-05 '     1.1034   191.2671     0.5385     2.2034   197.7934     0.0928
'L-09-06 '     1.1027   191.2525     0.5349     2.1960   197.7023    -0.0097
'L-09-07 '     1.1019   191.2423     0.5313     2.1786   197.6387    -0.1079
'L-10-01 '     1.1068   213.6440     0.5541     2.1123   220.5322     0.4925
'L-10-02 '     1.1062   213.6335     0.5513     2.1489   220.6277     0.4097
'L-10-03 '     1.1055   213.6236     0.5481     2.1803   220.7178     0.3111
'L-10-04 '     1.1049   213.6122     0.5452     2.1983   220.7341     0.2120
'L-10-06 '     1.1035   213.5925     0.5390     2.1977   220.6993     0.0043
'L-10-07 '     1.1029   213.5808     0.5359     2.1816   220.6013    -0.0962
'L-11-01 '     1.1064   236.2125     0.5523     2.1131   241.5070     0.4908
'L-11-02 '     1.1058   236.2078     0.5493     2.1502   241.6337     0.4059
'L-11-03 '     1.1051   236.2027     0.5461     2.1808   241.7399     0.3091
'L-11-04 '     1.1044   236.2005     0.5430     2.1983   241.8512     0.2125
'L-11-05 '     1.1037   236.1955     0.5398     2.2035   241.8979     0.1077
'L-11-06 '     1.1030   236.1847     0.5366     2.1979   241.8297     0.0058
'L-11-07 '     1.1023   236.1805     0.5333     2.1814   241.8354    -0.0968
'L-12-01 '     1.1118   258.7390     0.5773     2.1112   270.3411     0.4946
'L-12-02 '     1.1110   258.7110     0.5735     2.1515   270.4679     0.4022
'L-12-03 '     1.1102   258.6863     0.5697     2.1832   270.5739     0.3003
'L-12-04 '     1.1094   258.6596     0.5661     2.1999   270.5576     0.1987
'L-12-05 '     1.1086   258.6325     0.5624     2.2034   270.4676     0.0929
'L-12-06 '     1.1078   258.6039     0.5587     2.1959   270.2912    -0.0102
'CER-01  '     2.8742   276.1313     0.2768     1.6943   340.5225     0.0463
'CER-02  '     2.8742   276.1313     0.2768     1.7090   340.1834     0.0453
'CER-03  '     2.8742   276.1313     0.2768     1.7237   339.8719     0.0441
'CER-04  '     2.8742   276.1313     0.2768     1.7377   339.5620     0.0429
'CER-05  '     2.8742   276.1313     0.2768     1.7526   339.2668     0.0408
'CER-06  '     2.8742   276.1313     0.2768     1.7662   338.9852     0.0391
'CER-07  '     2.8742   276.1313     0.2768     1.7800   338.6880     0.0377
'CER-08  '     2.8742   276.1313     0.2768     1.7950   338.4079     0.0357
'CER-09  '     2.8742   276.1313     0.2768     1.8099   338.1297     0.0343
'CER-10  '     2.8742   276.1313     0.2768     1.8245   337.8547     0.0328
'CER-11  '     2.8742   276.1313     0.2768     1.8386   337.5911     0.0312
'CER-12  '     2.8742   276.1313     0.2768     1.8540   337.3015     0.0300
'CER-13  '     2.8742   276.1313     0.2768     1.8703   336.9939     0.0276
'CER-14  '     2.8742   276.1313     0.2768     1.8890   336.7036     0.0264
'CER-15  '     2.8742   276.1313     0.2768     1.9016   336.4567     0.0251
'CER-16  '     2.8742   276.1313     0.2768     1.9154   336.2189     0.0241
'CER-17  '     2.8742   276.1313     0.2768     1.9318   335.9692     0.0226
'CER-18  '     2.8742   276.1313     0.2768     1.9451   335.7292     0.0208
'CER-19  '     2.8742   276.1313     0.2768     1.9599   335.4943     0.0195
'CER-20  '     2.8742   276.1313     0.2768     1.9732   335.2847     0.0182
'CER-21  '     2.8742   276.1313     0.2768     1.9887   335.0537     0.0178
'CER-22  '     2.8742   276.1313     0.2768     2.0023   334.8410     0.0169
'CER-23  '     2.8742   276.1313     0.2768     2.0151   334.6351     0.0154
'CER-24  '     2.8742   276.1313     0.2768     2.0309   334.4221     0.0147
'CER-25  '     2.8742   276.1313     0.2768     2.0441   334.2201     0.0139
'CER-26  '     2.8742   276.1313     0.2768     2.0593   334.0148     0.0130
'CER-27  '     2.8742   276.1313     0.2768     2.0729   333.8215     0.0119
'CER-28  '     2.8742   276.1313     0.2768     2.0876   333.6204     0.0103
'CER-29  '     2.8742   276.1313     0.2768     2.1018   333.4220     0.0095
'CER-30  '     2.8742   276.1313     0.2768     2.1166   333.2283     0.0091
'CER-31  '     2.8742   276.1313     0.2768     1.6952   340.4633     0.0633
'CER-32  '     2.8742   276.1313     0.2768     1.7095   340.1378     0.0611
'CER-33  '     2.8742   276.1313     0.2768     1.7243   339.8510     0.0602
'CER-34  '     2.8742   276.1313     0.2768     1.7388   339.5296     0.0588
'CER-35  '     2.8742   276.1313     0.2768     1.7528   339.2290     0.0566
'CER-36  '     2.8742   276.1313     0.2768     1.7678   338.9312     0.0554
'CER-37  '     2.8742   276.1313     0.2768     1.7827   338.6448     0.0534
'CER-38  '     2.8742   276.1313     0.2768     1.7969   338.3715     0.0524
'CER-39  '     2.8742   276.1313     0.2768     1.8112   338.0833     0.0509
'CER-40  '     2.8742   276.1313     0.2768     1.8250   337.8232     0.0491
'CER-41  '     2.8742   276.1313     0.2768     1.8402   337.5484     0.0476
'CER-42  '     2.8742   276.1313     0.2768     1.8536   337.2928     0.0461
'CER-43  '     2.8742   276.1313     0.2768     1.8683   337.0432     0.0451
'CER-44  '     2.8742   276.1313     0.2768     1.8831   336.7766     0.0434
'CER-45  '     2.8742   276.1313     0.2768     1.8971   336.5323     0.0420
'CER-46  '     2.8742   276.1313     0.2768     1.9119   336.2902     0.0408
'CER-47  '     2.8742   276.1313     0.2768     1.9267   336.0523     0.0396
'CER-48  '     2.8742   276.1313     0.2768     1.9407   335.8038     0.0382
'CER-49  '     2.8742   276.1313     0.2768     1.9563   335.5722     0.0371
'CER-50  '     2.8742   276.1313     0.2768     1.9685   335.3527     0.0353
'CER-51  '     2.8742   276.1313     0.2768     1.9843   335.1271     0.0334
'CER-52  '     2.8742   276.1313     0.2768     1.9977   334.9133     0.0328
'CER-53  '     2.8742   276.1313     0.2768     2.0121   334.6931     0.0323
'CER-54  '     2.8742   276.1313     0.2768     2.0254   334.4898     0.0309
'CER-55  '     2.8742   276.1313     0.2768     2.0405   334.2820     0.0294
'CER-56  '     2.8742   276.1313     0.2768     2.0563   334.0753     0.0283
'CER-57  '     2.8742   276.1313     0.2768     2.0691   333.8778     0.0278
'CER-58  '     2.8742   276.1313     0.2768     2.0824   333.6760     0.0267
'CER-59  '     2.8742   276.1313     0.2768     2.0965   333.4824     0.0253
'CER-60  '     2.8742   276.1313     0.2768     2.1111   333.2979     0.0239
'CER-61  '     2.8742   276.1313     0.2768     2.1251   333.1032     0.0226
'CER-62  '     2.8742   276.1313     0.2768     1.6971   340.3977     0.0790
'CER-63  '     2.8742   276.1313     0.2768     1.7148   340.0313     0.0770
'CER-64  '     2.8742   276.1313     0.2768     1.7309   339.6906     0.0756
'CER-65  '     2.8742   276.1313     0.2768     1.7479   339.3385     0.0739
'CER-66  '     2.8742   276.1313     0.2768     1.7621   339.0437     0.0724
'CER-67  '     2.8742   276.1313     0.2768     1.7764   338.7357     0.0706
'CER-68  '     2.8742   276.1313     0.2768     1.7921   338.4378     0.0693
'CER-69  '     2.8742   276.1313     0.2768     1.8076   338.1306     0.0677
'CER-70  '     2.8742   276.1313     0.2768     1.8256   337.7959     0.0654
'CER-71  '     2.8742   276.1313     0.2768     1.8398   337.5381     0.0648
'CER-72  '     2.8742   276.1313     0.2768     1.8542   337.2655     0.0634
'CER-73  '     2.8742   276.1313     0.2768     1.8678   337.0225     0.0618
'CER-74  '     2.8742   276.1313     0.2768     1.8836   336.7593     0.0604
'CER-75  '     2.8742   276.1313     0.2768     1.8973   336.5034     0.0589
'CER-76  '     2.8742   276.1313     0.2768     1.9111   336.2684     0.0574
'CER-77  '     2.8742   276.1313     0.2768     1.9268   336.0261     0.0563
'CER-78  '     2.8742   276.1313     0.2768     1.9399   335.8002     0.0548
'CER-79  '     2.8742   276.1313     0.2768     1.9557   335.5589     0.0532
'CER-80  '     2.8742   276.1313     0.2768     1.9687   335.3321     0.0522
'CER-81  '     2.8742   276.1313     0.2768     1.9845   335.1030     0.0509
'CER-82  '     2.8742   276.1313     0.2768     1.9981   334.8936     0.0495
'CER-83  '     2.8742   276.1313     0.2768     2.0122   334.6799     0.0473
'CER-84  '     2.8742   276.1313     0.2768     2.0276   334.4574     0.0466
'CER-85  '     2.8742   276.1313     0.2768     2.0418   334.2535     0.0450
'CER-86  '     2.8742   276.1313     0.2768     2.0565   334.0413     0.0443
'CER-87  '     2.8742   276.1313     0.2768     2.0710   333.8390     0.0432
'CER-88  '     2.8742   276.1313     0.2768     2.0849   333.6411     0.0413
'CER-89  '     2.8742   276.1313     0.2768     2.1018   333.4185     0.0401
'CER-90  '     2.8742   276.1313     0.2768     2.1166   333.2164     0.0388
'CER-91  '     2.8742   276.1313     0.2768     2.1336   333.0213     0.0384
'CPF-11  '     1.8102   325.6746     1.1450     1.5792   -15.8171     0.0815
'CPF-10  '     1.8102   325.6746     1.1450     1.6276   -17.2493     0.0752
'CPF-09  '     1.8102   325.6746     1.1450     1.6730   -18.3703     0.0706
'CPF-08  '     1.8102   325.6746     1.1450     1.7177   -19.3923     0.0662
'CPF-07  '     1.8102   325.6746     1.1450     1.7636   -20.3009     0.0625
'CPF-06  '     1.8102   325.6746     1.1450     1.8069   -21.2353     0.0577
'CPF-05  '     1.8102   325.6746     1.1450     1.8517   -22.0901     0.0534
'CPF-04  '     1.8102   325.6746     1.1450     1.8970   -22.9174     0.0490
'CPF-03  '     1.8102   325.6746     1.1450     1.9437   -23.6492     0.0453
'CPF-02  '     1.8102   325.6746     1.1450     1.9900   -24.4052     0.0409
'CPF-01  '     1.8102   325.6746     1.1450     2.0348   -25.1102     0.0365
'JOH     '    2.194      5.0        0.008       1.060     22.329        0.246 
'MBR     '    2.200      11.0       0.140       1.050     11.0          0.140 
'CHR-10  '     2.3101   196.2300     0.2683     1.8091   154.7842     0.2836
'CHR-09  '     2.3101   196.2300     0.2683     1.8043   154.5274     0.2165
'CHR-08  '     2.3101   196.2300     0.2683     1.8064   154.4017     0.1456
'CHR-07  '     2.3101   196.2300     0.2683     1.8026   154.6407     0.0772
'CHR-06  '     2.3101   196.2300     0.2683     1.7985   155.1793     0.0064
'CHR-05  '     2.3101   196.2300     0.2683     1.7955   155.9548    -0.0595
'CHR-04  '     2.3101   196.2300     0.2683     1.7934   157.0023    -0.1240
'CHR-03  '     2.3101   196.2300     0.2683     1.7921   158.2897    -0.1839
'CHR-02  '     2.3101   196.2300     0.2683     1.7917   159.7406    -0.2368
'CHR-01  '     2.3101   196.2300     0.2683     1.7932   161.3644    -0.2849
'F50-01  '     2.4029   354.6263    -0.1231     1.9533   -24.8262     0.0012
'F50-02  '     2.4029   354.6263    -0.1231     1.9049   -24.0689     0.0034
'F50-03  '     2.4029   354.6263    -0.1231     1.8570   -23.2728     0.0063
'F50-04  '     2.4029   354.6263    -0.1231     1.8084   -22.4158     0.0085
'F50-05  '     2.4029   354.6263    -0.1231     1.7607   -21.5216     0.0106
'F50-06  '     2.4029   354.6263    -0.1231     1.7128   -20.5634     0.0129
'F50-07  '     2.4029   354.6263    -0.1231     1.6615   -19.4679     0.0142
'F85-05  '     2.4107   343.5919    -0.0787     1.6495   -17.7929     0.0632
'F85-04  '     2.4107   343.5919    -0.0787     1.7572   -20.2934     0.0521
'F85-03  '     2.4107   343.5919    -0.0787     1.8461   -22.0935     0.0432
'F85-02  '     2.4107   343.5919    -0.0787     1.9213   -23.4641     0.0355
'F85-01  '     2.4107   343.5919    -0.0787     1.9869   -24.5605     0.0288
'COR-01  '     2.3216   112.1444    -0.2377     2.1177   150.4539     0.0841
'COR-02  '     2.3216   112.1444    -0.2377     2.1059   150.5994     0.0848
'COR-03  '     2.3216   112.1444    -0.2377     2.0931   150.7539     0.0859
'COR-04  '     2.3216   112.1444    -0.2377     2.0807   150.9096     0.0865
'COR-05  '     2.3216   112.1444    -0.2377     2.0677   151.0699     0.0876
'COR-06  '     2.3216   112.1444    -0.2377     2.0552   151.2296     0.0882
'COR-07  '     2.3216   112.1444    -0.2377     2.0421   151.3976     0.0892
'COR-08  '     2.3216   112.1444    -0.2377     2.0298   151.5578     0.0912
'COR-09  '     2.3216   112.1444    -0.2377     2.0169   151.7273     0.0917
'COR-10  '     2.3216   112.1444    -0.2377     2.0037   151.9025     0.0925
'COR-11  '     2.3216   112.1444    -0.2377     1.9906   152.0802     0.0941
'COR-12  '     2.3216   112.1444    -0.2377     1.9782   152.2511     0.0949
'COR-13  '     2.3216   112.1444    -0.2377     1.9646   152.4417     0.0967
'COR-14  '     2.3216   112.1444    -0.2377     1.9515   152.6265     0.0977
'COR-15  '     2.3216   112.1444    -0.2377     1.9383   152.8165     0.0978
'COR-16  '     2.3216   112.1444    -0.2377     1.9250   153.0133     0.0998
'COR-17  '     2.3216   112.1444    -0.2377     1.9119   153.2089     0.1005
'COR-18  '     2.3216   112.1444    -0.2377     1.8981   153.4173     0.1013
'COR-19  '     2.3216   112.1444    -0.2377     1.8859   153.6051     0.1022
'COR-20  '     2.3216   112.1444    -0.2377     1.8723   153.8176     0.1027
'COR-21  '     2.3920   110.5968    -0.1699     1.8525   154.1325     0.0634
'COR-22  '     2.3920   110.5968    -0.1699     1.8406   154.3259     0.0653
'COR-23  '     2.3920   110.5968    -0.1699     1.8274   154.5417     0.0660
'COR-24  '     2.3920   110.5968    -0.1699     1.8154   154.7435     0.0676
'COR-25  '     2.3920   110.5968    -0.1699     1.8029   154.9552     0.0691
'COR-26  '     2.3920   110.5968    -0.1699     1.7902   155.1738     0.0701
'COR-27  '     2.3920   110.5968    -0.1699     1.7784   155.3808     0.0706
'COR-28  '     2.3920   110.5968    -0.1699     1.7652   155.6159     0.0726
'COR-29  '     2.3920   110.5968    -0.1699     1.7525   155.8461     0.0742
'COR-30  '     2.3920   110.5968    -0.1699     1.7397   156.0823     0.0750
'COR-31  '     2.3920   110.5968    -0.1699     1.7271   156.3189     0.0757
'COR-32  '     2.3920   110.5968    -0.1699     1.7141   156.5666     0.0775
'COR-33  '     2.3920   110.5968    -0.1699     1.7009   156.8237     0.0793
'COR-34  '     2.3920   110.5968    -0.1699     1.6875   157.0884     0.0801
'COR-35  '     2.3920   110.5968    -0.1699     1.6745   157.3494     0.0818
'COR-36  '     2.3920   110.5968    -0.1699     1.6610   157.6262     0.0839
'COR-37  '     2.3920   110.5968    -0.1699     1.6480   157.8989     0.0845
'COR-38  '     2.3920   110.5968    -0.1699     1.6349   158.1795     0.0852
'COR-39  '     2.3920   110.5968    -0.1699     1.6212   158.4773     0.0859
'COR-40  '     2.3920   110.5968    -0.1699     1.6073   158.7821     0.0876
'COR-41  '     2.3920   110.5968    -0.1699     1.5925   159.1128     0.0881
'COR-42  '     2.3920   110.5968    -0.1699     1.5790   159.4260     0.0918
'COR-43  '     2.3920   110.5968    -0.1699     1.5654   159.7473     0.0924
'COR-44  '     2.4260   110.5638    -0.0508     1.5381   160.4149     0.1375
'COR-45  '     2.4260   110.5638    -0.0508     1.5247   160.7534     0.1391
'COR-46  '     2.4260   110.5638    -0.0508     1.5126   161.0661     0.1404
'COR-47  '     2.4260   110.5638    -0.0508     1.5003   161.3838     0.1420
'COR-48  '     2.4260   110.5638    -0.0508     1.4885   161.7048     0.1433
'COR-49  '     2.4260   110.5638    -0.0508     1.4757   162.0458     0.1443
'COR-50  '     2.4260   110.5638    -0.0508     1.4637   162.3860     0.1455
'COR-51  '     2.4260   110.5638    -0.0508     1.4505   162.7642     0.1469
'COR-52  '     2.4260   110.5638    -0.0508     1.4379   163.1272     0.1482
'COR-53  '     2.4260   110.5638    -0.0508     1.4254   163.5063     0.1492
'COR-54  '     2.4260   110.5638    -0.0508     1.4124   163.9014     0.1510
'COR-55  '     2.4260   110.5638    -0.0508     1.3993   164.3085     0.1519
'COR-56  '     2.4260   110.5638    -0.0508     1.3864   164.7168     0.1533
'COR-57  '     2.4260   110.5638    -0.0508     1.3736   165.1583     0.1547
'COR-58  '     2.4260   110.5638    -0.0508     1.3604   165.6023     0.1561
'COR-59  '     2.4260   110.5638    -0.0508     1.3475   166.0647     0.1571
'COR-60  '     2.4260   110.5638    -0.0508     1.3335   166.5137     0.1590
'COR-61  '     2.4260   110.5638    -0.0508     1.3208   166.9974     0.1604
'COR-62  '     2.4260   110.5638    -0.0508     1.3073   167.4927     0.1615
'COR-63  '     2.4260   110.5638    -0.0508     1.2936   168.0256     0.1631
'COR-64  '     2.4260   110.5638    -0.0508     1.2806   168.5355     0.1642
'COR-65  '     2.4260   110.5638    -0.0508     1.2667   169.1108     0.1659
'COR-66  '     2.4260   110.5638    -0.0508     1.2536   169.6463     0.1671
'COR-67  '     2.4260   110.5638    -0.0508     1.2401   170.2398     0.1691
'COR-68  '     2.4260   110.5638    -0.0508     1.2262   170.8523     0.1704
'COR-69  '     2.4260   110.5638    -0.0508     1.2130   171.4700     0.1715
'COR-70  '     2.4260   110.5638    -0.0508     1.1993   172.1073     0.1728
'NBI11   '     2.6000   -32.7215    0.0220000      1.04600     -13.8139    -0.119000
'NBI12   '     2.6000   -31.8620    0.0210000      1.04600      10.0785    -0.146000
'NBI13   '     2.6000   -31.8620   -0.0210000      1.04600      10.0785     0.146000
'NBI14   '     2.6000   -32.7215   -0.0220000      1.04600     -13.8139     0.119000
'NBI25   '     2.6000    145.583   -0.0190000      1.04800      180.015    -0.176000
'NBI26   '     2.6000    148.207    -0.149000      2.04000      259.245    -0.595000
'NBI27   '     2.6000    148.207     0.149000      2.10000      260.569     0.604000
'NBI28   '     2.6000    145.586    0.0190000      1.04800      180.015     0.176000
'CPR-1   '   2.2109001 -27.0835571   0.5473000   2.1006365 -27.2219353   0.0268418
'CPR-2   '   2.2109001 -27.0835571   0.5473000   2.1041348 -26.9961662   0.0257163
'CPR-3   '   2.2109001 -27.0835571   0.5473000   2.1062067 -27.2079964   0.0260215
'CPR-4   '   2.2109001 -27.0835571   0.5473000   2.1095891 -27.0008316   0.0250462
'CPR-5   '   2.2109001 -27.0835571   0.5473000   2.1122971 -27.2143784   0.0252178
'CPR-6   '   2.2109001 -27.0835571   0.5473000   2.1167750 -27.0146523   0.0241999
'CPR-7   '   2.2109001 -27.0835571   0.5473000   2.1191654 -27.2165451   0.0243212
'CPR-8   '   2.2109001 -27.0835571   0.5473000   2.1229854 -26.9934692   0.0234426
'CPR-9   '   2.2109001 -27.0835571   0.5473000   2.1256444 -27.2111588   0.0234844
'CPR-10  '   2.2109001 -27.0835571   0.5473000   2.1287799 -27.0096245   0.0228042
'CPR-11  '   2.2109001 -27.0835571   0.5473000   2.1318820 -27.2144852   0.0227199
'CPR-12  '   2.2109001 -27.0835571   0.5473000   2.1353974 -27.0009575   0.0220700
'CPR-13  '   2.2109001 -27.0835571   0.5473000   2.1371291 -27.2215996   0.0220985
'CPR-14  '   2.2109001 -27.0835571   0.5473000   2.1415067 -27.0140266   0.0214279
'CPR-15  '   2.2109001 -27.0835571   0.5473000   2.1437023 -27.2114334   0.0213198
'CPR-16  '   2.2109001 -27.0835571   0.5473000   2.1472576 -27.0177345   0.0208453
'CPR-17  '   2.2109001 -27.0835571   0.5473000   2.1501579 -27.2134781   0.0206141
'CPR-18  '   2.2109001 -27.0835571   0.5473000   2.1527653 -27.0121117   0.0203316
'CPR-19  '   2.2109001 -27.0835571   0.5473000   2.1558640 -27.2081375   0.0200761
'CMR-1-1 '   2.2834001  -6.7550163   0.2518000   2.1128764 -26.6767960   0.0232576
'CMR-1-2 '   2.2834001  -6.7550163   0.2518000   2.1165929 -26.7437515   0.0251154
'CMR-1-3 '   2.2834001  -6.7550163   0.2518000   2.1184685 -26.7318611   0.0206845
'CMR-1-4 '   2.2834001  -6.7550163   0.2518000   2.1208105 -26.7921867   0.0241247
'CMR-1-5 '   2.2834001  -6.7550163   0.2518000   2.1230605 -26.7853508   0.0202224
'CMR-1-6 '   2.2834001  -6.7550163   0.2518000   2.1248755 -26.8367500   0.0237589
'CMR-1-7 '   2.2834001  -6.7550163   0.2518000   2.1270366 -26.8193855   0.0200463
'CMR-1-8 '   2.2834001  -6.7550163   0.2518000   2.1287806 -26.8638229   0.0236591
'CMR-1-9 '   2.2834001  -6.7550163   0.2518000   2.1316798 -26.8267326   0.0208398
'CMR-1-10'   2.2834001  -6.7550163   0.2518000   2.1326580 -26.8683510   0.0249881
'CMR-1-11'   2.2834001  -6.7550163   0.2518000   2.1353817 -26.7856369   0.0224079
'CMR-2-1 '   2.3041999  -5.7867165   0.1696000   2.1384442 -26.9298248   0.0196544
'CMR-2-2 '   2.3041999  -5.7867165   0.1696000   2.1406064 -26.9282074   0.0233560
'CMR-2-3 '   2.3041999  -5.7867165   0.1696000   2.1426027 -26.8447914   0.0202342
'CMR-2-4 '   2.3041999  -5.7867165   0.1696000   2.1449454 -26.8206520   0.0238982
'CMR-2-5 '   2.3041999  -5.7867165   0.1696000   2.1468358 -26.7354698   0.0207214
'CMR-2-6 '   2.3041999  -5.7867165   0.1696000   2.1489058 -26.7364273   0.0242865
'CMR-2-7 '   2.3041999  -5.7867165   0.1696000   2.1506979 -26.6939812   0.0208343
'CMR-2-8 '   2.3041999  -5.7867165   0.1696000   2.1532600 -26.7419167   0.0243341
'CMR-2-9 '   2.3041999  -5.7867165   0.1696000   2.1553683 -26.7656593   0.0202590
'CMR-2-10'   2.3041999  -5.7867165   0.1696000   2.1576328 -26.8484306   0.0234510
'CMR-3-11'    2.2841    -6.829499073597134    0.0924    2.154103117566678    -22.25932994348075    0.0620798906420304
'CMR-3-10'    2.2841    -6.829499073597134    0.0924    2.151962512148176    -22.26179787689859    0.06408390440888366
'CMR-3-9 '    2.2841    -6.829499073597134    0.0924    2.1507553095275878    -22.2578762506593    0.06109106825703945
'CMR-3-8 '    2.2841    -6.829499073597134    0.0924    2.148608283678517    -22.261737883823614    0.06407095055769896
'CMR-3-7 '    2.2841    -6.829499073597134    0.0924    2.1476435596902115    -22.258249436575312    0.061382487744978946
'CMR-3-6 '    2.2841    -6.829499073597134    0.0924    2.145982814467661    -22.262065450091804    0.06430423550616347
'CMR-3-5 '    2.2841    -6.829499073597134    0.0924    2.1441638054658148    -22.25839127332801    0.061427318311835885
'CMR-3-4 '    2.2841    -6.829499073597134    0.0924    2.142623642757602    -22.262039366683155    0.06416743624574173
'CMR-3-3 '    2.2841    -6.829499073597134    0.0924    2.141291197356548    -22.258773834329666    0.06159626071465777
'CMR-3-2 '    2.2841    -6.829499073597134    0.0924    2.1402392677645654    -22.262191791329904    0.06415636316972437
'CMR-3-1 '    2.2841    -6.829499073597134    0.0924    2.138232060502411    -22.259333016661692    0.061824670911671736
'CNR-1   '    2.1754    -22.196227139005806    0.5394    2.1147965937949693    -22.149575995410316    0.05921533450891795
'CNR-2   '    2.1754    -22.196227139005806    0.5394    2.1165008632067015    -22.342085843541625    0.059326792029121035
'CNR-3   '    2.1754    -22.196227139005806    0.5394    2.1205722300900365    -22.14820619133834    0.05941692147678735
'CNR-4   '    2.1754    -22.196227139005806    0.5394    2.1217967466140015    -22.327028555982274    0.0594996217380664
'CNR-5   '    2.1754    -22.196227139005806    0.5394    2.1260376533120446    -22.145112382794075    0.05959564137807139
'CNR-6   '    2.1754    -22.196227139005806    0.5394    2.12763432485155    -22.331036966597715    0.059687426684530656
'CNR-7   '    2.1754    -22.196227139005806    0.5394    2.131669141960371    -22.149769454908146    0.059767068454282146
'CNR-8   '    2.1754    -22.196227139005806    0.5394    2.1330437651242913    -22.328366370119525    0.0598460884449505
'CNR-9   '    2.1754    -22.196227139005806    0.5394    2.137108918513423    -22.143718410967004    0.05992159008711305
'CNR-10  '    2.1754    -22.196227139005806    0.5394    2.1387323109072645    -22.324678806321558    0.059999854395484914
'CNR-11  '    2.1754    -22.196227139005806    0.5394    2.142582983591728    -22.140509747265398    0.06006544485424684
'CNR-12  '    2.1754    -22.196227139005806    0.5394    2.144492016582328    -22.325541917947717    0.0601446858097846
'CNR-13  '    2.1754    -22.196227139005806    0.5394    2.1482965387584456    -22.1362325627086    0.06020365693875639
'CNR-14  '    2.1754    -22.196227139005806    0.5394    2.1496558673810093    -22.323034402231954    0.06026159750976315
'CNR-15  '    2.1754    -22.196227139005806    0.5394    2.153749845553321    -22.137561628043336    0.06032284210818763
'CNR-16  '    2.1754    -22.196227139005806    0.5394    2.1554420252649793    -22.316007578963173    0.06037782238225087
'CNR-17  '    2.1754    -22.196227139005806    0.5394    2.159345578910073    -22.13127248884539    0.060435638000796495
'CNR-18  '    2.1754    -22.196227139005806    0.5394    2.160900433736626    -22.31963436335291    0.06048042033646213
'CNR-19  '    2.1754    -22.196227139005806    0.5394    2.1645876940776025    -22.13450011912831    0.0605278231092747
'CNR-20  '    2.1754    -22.196227139005806    0.5394    2.166303059810388    -22.32070298891481    0.060569072992140795
'CNR-21  '    2.1754    -22.196227139005806    0.5394    2.170242116938563    -22.135532768248922    0.060616529639417466
'CNR-22  '    2.1754    -22.196227139005806    0.5394    2.172016674396079    -22.312259805721986    0.06064509885776116
'SPD001  '    2.1928      11.3   -0.0257         1.0502      14.3    0.1814
'SPD002  '    2.1928      11.3   -0.0257         1.0502      14.3    0.1814
'MSS-01L1'     2.4344    19.3049    -0.4687     2.0339   -26.3446    -0.0000
'MSS-01L2'     2.4344    19.3049    -0.4687     2.0413   -26.1030     0.0266
'MSS-01L3'     2.4344    19.3049    -0.4687     2.0433   -25.7578     0.0530
'MSS-01L4'     2.4344    19.3049    -0.4687     2.0495   -25.4960     0.0752
'MSS-01L5'     2.4344    19.3049    -0.4687     2.0410   -25.0425     0.0957
'MSS-01L6'     2.4344    19.3049    -0.4687     2.0593   -24.7580     0.1248
'MSS-02L1'     2.4308    19.2170    -0.4676     1.9811   334.5359     0.0060
'MSS-02L2'     2.4308    19.2170    -0.4676     1.9858   334.7911     0.0305
'MSS-02L3'     2.4308    19.2170    -0.4676     1.9902   335.0830     0.0550
'MSS-02L4'     2.4308    19.2170    -0.4676     1.9944   335.4037     0.0790
'MSS-02L5'     2.4308    19.2170    -0.4676     1.9988   335.7573     0.1031
'MSS-02L6'     2.4308    19.2170    -0.4676     2.0015   336.1416     0.1258
'MSS-03L1'     2.4308    19.2170    -0.4676     1.9345   335.2416     0.0083
'MSS-03L2'     2.4308    19.2170    -0.4676     1.9412   335.4802     0.0335
'MSS-03L3'     2.4308    19.2170    -0.4676     1.9447   335.7746     0.0570
'MSS-03L4'     2.4308    19.2170    -0.4676     1.9484   336.0957     0.0804
'MSS-03L5'     2.4308    19.2170    -0.4676     1.9536   336.4152     0.1032
'MSS-03L6'     2.4308    19.2170    -0.4676     1.9556   336.8186     0.1261
'MSS-04L1'     2.4308    19.2170    -0.4676     1.8904   335.9132     0.0078
'MSS-04L2'     2.4308    19.2170    -0.4676     1.8965   336.1468     0.0323
'MSS-04L3'     2.4308    19.2170    -0.4676     1.8996   336.4541     0.0563
'MSS-04L4'     2.4308    19.2170    -0.4676     1.9037   336.7672     0.0796
'MSS-04L5'     2.4308    19.2170    -0.4676     1.9072   337.1134     0.1023
'MSS-04L6'     2.4308    19.2170    -0.4676     1.9119   337.4751     0.1252
'MSS-05L1'     2.4308    19.2170    -0.4676     1.8470   336.6477     0.0101
'MSS-05L2'     2.4308    19.2170    -0.4676     1.8506   336.9123     0.0338
'MSS-05L3'     2.4308    19.2170    -0.4676     1.8563   337.1656     0.0569
'MSS-05L4'     2.4308    19.2170    -0.4676     1.8605   337.4854     0.0805
'MSS-05L5'     2.4308    19.2170    -0.4676     1.8647   337.8057     0.1024
'MSS-05L6'     2.4308    19.2170    -0.4676     1.8701   338.1528     0.1249
'MSS-06L1'     2.4308    19.2170    -0.4676     1.8063   337.2957     0.0064
'MSS-06L2'     2.4308    19.2170    -0.4676     1.8095   337.5991     0.0326
'MSS-06L3'     2.4308    19.2170    -0.4676     1.8167   337.8255     0.0559
'MSS-06L4'     2.4308    19.2170    -0.4676     1.8205   338.1394     0.0789
'MSS-06L5'     2.4308    19.2170    -0.4676     1.8256   338.4584     0.1014
'MSS-06L6'     2.4308    19.2170    -0.4676     1.8272   338.8618     0.1236
'MSS-07L1'     2.4308    19.2170    -0.4676     1.7677   338.0445     0.0105
'MSS-07L2'     2.4308    19.2170    -0.4676     1.7691   338.3566     0.0345
'MSS-07L3'     2.4308    19.2170    -0.4676     1.7734   338.6256     0.0571
'MSS-07L4'     2.4308    19.2170    -0.4676     1.7800   338.8905     0.0800
'MSS-07L5'     2.4308    19.2170    -0.4676     1.7848   339.2139     0.1025
'MSS-07L6'     2.4308    19.2170    -0.4676     1.7896   339.5674     0.1247
'MSS-08L1'     2.4308    19.2170    -0.4676     1.7268   338.8404     0.0117
'MSS-08L2'     2.4308    19.2170    -0.4676     1.7325   339.0704     0.0356
'MSS-08L3'     2.4308    19.2170    -0.4676     1.7369   339.3349     0.0580
'MSS-08L4'     2.4308    19.2170    -0.4676     1.7404   339.6525     0.0804
'MSS-08L5'     2.4308    19.2170    -0.4676     1.7468   339.9339     0.1023
'MSS-08L6'     2.4308    19.2170    -0.4676     1.7498   340.3199     0.1243
'MSS-09L1'     2.4308    19.2170    -0.4676     1.6866   339.6706     0.0132
'MSS-09L2'     2.4308    19.2170    -0.4676     1.6921   339.8861     0.0359
'MSS-09L3'     2.4308    19.2170    -0.4676     1.6975   340.1312     0.0583
'MSS-09L4'     2.4308    19.2170    -0.4676     1.7008   340.4623     0.0812
'MSS-09L5'     2.4308    19.2170    -0.4676     1.7076   340.7335     0.1029
'MSS-09L6'     2.4308    19.2170    -0.4676     1.7095   341.1349     0.1244
'MSS-10L1'     2.4344    19.3049    -0.4687     1.6439   -19.5674     0.0108
'MSS-10L2'     2.4344    19.3049    -0.4687     1.6502   -19.3634     0.0343
'MSS-10L3'     2.4344    19.3049    -0.4687     1.6558   -19.0986     0.0582
'MSS-10L4'     2.4344    19.3049    -0.4687     1.6602   -18.8043     0.0803
'MSS-10L5'     2.4344    19.3049    -0.4687     1.6661   -18.5131     0.1023
'MSS-10L6'     2.4309    19.2189    -0.4676     1.6742   -17.4323     0.1167  
'HEB+0+10'   2.2985000    293.2104677    0.0871000   2.1052917    274.7899574   -0.1041827
'HEB+0+8 '   2.2985000    293.2104677    0.0871000   2.1033868    274.8654809   -0.1106840
'HEB+0+6 '   2.2985000    293.2104677    0.0871000   2.1018223    274.9482868   -0.1167757
'HEB+0+4 '   2.2985000    293.2104677    0.0871000   2.1004596    274.9364375   -0.1238460
'HEB+0+2 '   2.2985000    293.2104677    0.0871000   2.0986135    275.0331878   -0.1291639
'HEB+0-2 '   2.2985000    293.2104677    0.0871000   2.0953500    275.1625824   -0.1418736
'HEB+0-4 '   2.2985000    293.2104677    0.0871000   2.0938742    275.1719084   -0.1486438
'HEB+0-6 '   2.2985000    293.2104677    0.0871000   2.0927519    275.3138560   -0.1539708
'HEB+0-8 '   2.2985000    293.2104677    0.0871000   2.0911034    275.3294307   -0.1610211
'HEB+0-10'   2.2985000    293.2104677    0.0871000   2.0898095    275.4697647   -0.1664784
'HEB+2+4 '   2.2985000    293.2104677    0.0871000   2.1073328    275.0345929   -0.1244632
'HEB+2+2 '   2.2985000    293.2104677    0.0871000   2.1053994    275.0045798   -0.1315313
'HEB+2-2 '   2.2985000    293.2104677    0.0871000   2.1024685    275.1542990   -0.1436732
'HEB+2-4 '   2.2985000    293.2104677    0.0871000   2.1008327    275.1766733   -0.1506103
'HEB+4+4 '   2.2985000    293.2104677    0.0871000   2.1140808    274.9560090   -0.1269958
'HEB+4+2 '   2.2985000    293.2104677    0.0871000   2.1125798    275.0427265   -0.1326930
'HEB+4-2 '   2.2985000    293.2104677    0.0871000   2.1095806    275.1654762   -0.1448697
'HEB+4-4 '   2.2985000    293.2104677    0.0871000   2.1080584    275.1989238   -0.1514982
'HEB+6+4 '   2.2985000    293.2104677    0.0871000   2.1207478    274.9295939   -0.1292323
'HEB+6+2 '   2.2985000    293.2104677    0.0871000   2.1193893    275.0246450   -0.1346700
'HEB+6-2 '   2.2985000    293.2104677    0.0871000   2.1157384    275.0767344   -0.1473922
'HEB+6-4 '   2.2985000    293.2104677    0.0871000   2.1145370    275.1435134   -0.1541031
'HEB+8+4 '   2.2985000    293.2104677    0.0871000   2.1275771    274.9577829   -0.1306447
'HEB+8+2 '   2.2985000    293.2104677    0.0871000   2.1260739    275.0611417   -0.1363628
'HEB+8-2 '   2.2985000    293.2104677    0.0871000   2.1229685    275.1493511   -0.1482845
'HEB+8-4 '   2.2985000    293.2104677    0.0871000   2.1211998    275.1574124   -0.1553930
'HEB-4+0 '   2.2985000    293.2104677    0.0871000   2.0830532    275.0415755   -0.1327521
'HEB-3+0 '   2.2985000    293.2104677    0.0871000   2.0872406    275.0908443   -0.1331419
'HEB-2+0 '   2.2985000    293.2104677    0.0871000   2.0914621    275.0296311   -0.1349137
'HEB-1+0 '   2.2985000    293.2104677    0.0871000   2.0944454    275.0446607   -0.1355799
'HEB+0+0 '   2.2985000    293.2104677    0.0871000   2.0973784    275.0663244   -0.1363328
'HEB+1+0 '   2.2985000    293.2104677    0.0871000   2.1007474    275.1070427   -0.1367751
'HEB+2+0 '   2.2985000    293.2104677    0.0871000   2.1040700    275.0350584   -0.1383452
'HEB+3+0 '   2.2985000    293.2104677    0.0871000   2.1077238    275.0970574   -0.1384601
'HEB+4+0 '   2.2985000    293.2104677    0.0871000   2.1105170    275.0139619   -0.1399578
'HEB+5+0 '   2.2985000    293.2104677    0.0871000   2.1143862    275.1219550   -0.1397723
'HEB+6+0 '   2.2985000    293.2104677    0.0871000   2.1174758    275.0990156   -0.1406560
'HEB+7+0 '   2.2985000    293.2104677    0.0871000   2.1211334    275.1157238   -0.1409861
'HEB+8+0 '   2.2985000    293.2104677    0.0871000   2.1247186    275.0657530   -0.1425831
'HEB+9+0 '   2.3469000    293.9381241    0.0903000   2.1164040    275.1011803   -0.1407288
'HEB+10+0'   2.3469000    293.9381241    0.0903000   2.1201097    275.1170324   -0.1414032
'HEB+11+0'   2.3469000    293.9381241    0.0903000   2.1232055    275.0229577   -0.1433347
'HEB+12+0'   2.3469000    293.9381241    0.0903000   2.1264453    275.0553705   -0.1436849
'HEB+13+0'   2.3469000    293.9381241    0.0903000   2.1299539    275.0295960   -0.1449354
'HEB+14+0'   2.3469000    293.9381241    0.0903000   2.1334882    275.0988216   -0.1449420
'HEB+15+0'   2.3469000    293.9381241    0.0903000   2.1367413    275.0873443   -0.1458794
'HEB+16+0'   2.3469000    293.9381241    0.0903000   2.1400034    275.0197494   -0.1474697
'HEB+17+0'   2.3469000    293.9381241    0.0903000   2.1435427    275.0608587   -0.1478862
'HEB+18+0'   2.3469000    293.9381241    0.0903000   2.1470373    275.0518680   -0.1487210
'HEB+19+0'   2.3469000    293.9381241    0.0903000   2.1502056    275.0371804   -0.1498057
'HEB+20+0'   2.3469000    293.9381241    0.0903000   2.1536059    275.0224685   -0.1508066
'HEB+21+0'   2.3469000    293.9381241    0.0903000   2.1571596    275.0316113   -0.1516104
'HEB+22+0'   2.3469000    293.9381241    0.0903000   2.1607046    275.0397843   -0.1523460
'CXH-01  '    2.3223   -51.7667    0.1661    1.15429    11.31867    -0.08162
'CXH-02  '    2.3223   -51.7667    0.1661    1.14287    11.30430    -0.08152
'CXH-03  '    2.3223   -51.7667    0.1661    1.13185    11.27687    -0.08098
'CXH-04  '    2.3223   -51.7667    0.1661    1.12105    11.22971    -0.08061
'CXH-05  '    2.3223   -51.7667    0.1661    1.10985    11.19441    -0.07986
'CXH-06  '    2.3223   -51.7667    0.1661    1.09865    11.13599    -0.07970
'CXH-07  '    2.3223   -51.7667    0.1661    1.08767    11.06981    -0.07911
'CXH-08  '    2.3223   -51.7667    0.1661    1.07699    11.37994    -0.07958
'CVH-01  '    1.0548    11.3216   -0.4992    1.14603    11.06340    -0.08280
'CVH-02  '    1.0548    11.3216   -0.4992    1.14153    11.41454    -0.08301
'CVH-03  '    1.0548    11.3216   -0.4992    1.13661    11.08733    -0.08304
'CVH-04  '    1.0548    11.3216   -0.4992    1.13165    11.42649    -0.08289
'CVH-05  '    1.0548    11.3216   -0.4992    1.12632    11.10145    -0.08109
'CVH-06  '    1.0548    11.3216   -0.4992    1.12192    11.45726    -0.08140
'CVH-07  '    1.0548    11.3216   -0.4992    1.11739    11.12839    -0.08154
'CVH-08  '    1.0548    11.3216   -0.4992    1.11246    11.47577    -0.08164
'CVH-09  '    1.0548    11.3216   -0.4992    1.10798    11.14310    -0.08121
'CVH-10  '    1.0548    11.3216   -0.4992    1.10323    11.48651    -0.07982
'CVH-11  '    1.0548    11.3216   -0.4992    1.09866    11.16031    -0.08085
'CVH-12  '    1.0548    11.3216   -0.4992    1.09335    11.53204    -0.08003
'CVH-13  '    1.0548    11.3216   -0.4992    1.08843    11.19680    -0.07976
'CVH-14  '    1.0548    11.3216   -0.4992    1.08395    11.54755    -0.07966
'CVH-15  '    1.0548    11.3216   -0.4992    1.07923    11.20189    -0.07885
'CVH-16  '    1.0548    11.3216   -0.4992    1.07437    11.54528    -0.08003
'ZOD-01  '     2.3266   -51.7539     0.3294     1.52969   274.10738    -1.14485
'ZOD-02  '     2.3266   -51.7539     0.3294     1.53790   273.80498    -1.15463
'ZOD-03  '     2.3266   -51.7539     0.3294     1.54632   273.48013    -1.16466
'ZOD-04  '     2.3266   -51.7539     0.3294     1.55477   273.16128    -1.17472
'ZOD-05  '     2.3266   -51.7539     0.3294     1.55847   272.06733    -1.20900
'ZOD-06  '     2.3266   -51.7539     0.3294     1.56945   272.07178    -1.20900
'ENDE'           0.0      0.         0.0            0.0         0.      0.0

'BPU-1   '     2.26470   125.96310    -0.43140     2.59519   186.52000    -0.02615
'BPU-2   '     2.26470   125.96310    -0.43140     2.56857   186.99242    -0.03304
'BPU-3   '     2.26470   125.96310    -0.43140     2.54096   187.48469    -0.04091
'BPU-4   '     2.26470   125.96310    -0.43140     2.51393   187.96600    -0.04871
'BPU-5   '     2.26470   125.96310    -0.43140     2.48653   188.44826    -0.05547
'BPM-1   '     2.28950   126.32981    -0.34550     2.58560   187.40272    -0.12287
'BPM-2   '     2.28950   126.32981    -0.34550     2.55743   187.87787    -0.12899
'BPM-3   '     2.28950   126.32981    -0.34550     2.52885   188.36274    -0.13684
'BPM-4   '     2.28950   126.32981    -0.34550     2.50049   188.83883    -0.14287
'BPM-5   '     2.28950   126.32981    -0.34550     2.47260   189.30718    -0.14925
'BPO-1   '     2.30080   127.44621    -0.26060     2.58576   188.65311    -0.22736
'BPO-2   '     2.30080   127.44621    -0.26060     2.55501   189.15401    -0.23330
'BPO-3   '     2.30080   127.44621    -0.26060     2.52516   189.63909    -0.23912
'BPO-4   '     2.30080   127.44621    -0.26060     2.49548   190.12032    -0.24439
'BPO-5   '     2.30080   127.44621    -0.26060     2.46379   190.63317    -0.24913
