	         R        PHI       Z              R           PHI      Z
----------------------------------------------------------------------------
'NOT USED'    0.0000       0.0    0.0000         0.0000       0.0    0.0000
'NOT-USED'    0.0000       0.0    0.0000         0.0000       0.0    0.0000
'BACKGRND'    0.0000       0.0    0.0000         0.0000       0.0    0.0000
'NEON    '    0.0000       0.0    0.0000         0.0000       0.0    0.0000
'NE-LAMP '    0.0000       0.0    0.0000         0.0000       0.0    0.0000
'WPG-01  '    0.0000       0.0    0.0000         0.0000       0.0    0.0000
'WPG-02  '    0.0000       0.0    0.0000         0.0000       0.0    0.0000
'DOT-01  '     2.2640   289.1125     0.5076     1.55500   269.43675    -1.19510
'DOT-02  '     2.2640   289.1125     0.5076     1.53604   272.83453    -1.15241
'DOT-03  '     2.2640   289.1125     0.5076     1.51558   275.92157    -1.12803
'DOT-04  '     2.2640   289.1125     0.5076     1.49906   278.93378    -1.10835
'DOT-05  '     2.2640   289.1125     0.5076     1.48523   281.92056    -1.09187
'DOT-06  '     2.2640   289.1125     0.5076     1.47428   284.85988    -1.07882
'RIV-01  '     1.3800     0.0000    -1.1770     1.24112     0.04713    -1.10762
'RIV-02  '     1.3800     0.0000    -1.1770     1.24496     0.01524    -1.09666
'RIV-03  '     1.3800     0.0000    -1.1770     1.24907   359.98575    -1.08489
'RIV-04  '     1.3800     0.0000    -1.1770     1.25422   359.98271    -1.07018
'RIV-05  '     1.3800     0.0000    -1.1770     1.26128   359.94900    -1.04997
'RIV-06  '     1.3800     0.0000    -1.1770     1.26654   359.90912    -1.03494
'RIV-07  '     1.3800     0.0000    -1.1770     1.27672     0.01788    -1.00581
'RIV-08  '     1.4138     0.5510    -1.1182     1.27667   359.90932    -1.00595
'RIV-09  '     1.4138     0.5510    -1.1182     1.28128   359.90319    -0.99277
'RIV-10  '     1.4138     0.5510    -1.1182     1.28690   359.92501    -0.97438
'RIV-11  '     1.4138     0.5510    -1.1182     1.28700   359.87775    -0.94439
'RIV-12  '     1.4138     0.5510    -1.1182     1.27548   359.78588    -0.88391
'RIV-13  '     1.4138     0.5510    -1.1182     1.07439   357.96352    -0.38869
'RIV-14  '     1.4138     0.5510    -1.1182     1.04947   357.44218    -0.17304
'RH2-01  '     2.5962     7.0800     0.3093     1.04538     6.20148     0.11817
'RH2-02  '     2.5962     7.0800     0.3093     1.05225     6.22480     0.20792
'RH2-03  '     2.5962     7.0800     0.3093     1.06103     6.18571     0.29763
'RH2-05  '     2.5962     7.0800     0.3093     1.08967     6.31881     0.47501
'RH2-06  '     2.5962     7.0800     0.3093     1.10766     6.34382     0.55807
'RH2-07  '     2.5962     7.0800     0.3093     1.13180     6.37909     0.65672
'RH2-09  '     2.5962     7.0800     0.3093     1.15661     6.34955     0.74440
'RH1-01  '     2.5481     7.1582    -0.2956     1.15580     6.90630    -0.67768
'RH1-02  '     2.5481     7.1582    -0.2956     1.11807     6.84215    -0.59796
'RH1-03  '     2.5481     7.1582    -0.2956     1.09724     6.77941    -0.50923
'RH1-04  '     2.5481     7.1582    -0.2956     1.08059     6.72655    -0.42142
'RH1-06  '     2.5481     7.1582    -0.2956     1.05579     6.37458    -0.23514
'RH1-07  '     2.5481     7.1582    -0.2956     1.04666     6.29216    -0.14544
'RH1-08  '     2.5481     7.1582    -0.2956     1.04484     6.12760    -0.05189
'RH1-09  '     2.5481     7.1582    -0.2956     1.04361     5.98450     0.04119
'ZON-01  '     1.3498    23.0498    -1.1772     1.66390    22.77849    -0.92778
'ZON-02  '     1.3498    23.0498    -1.1772     1.69935    22.74124    -0.86712
'ZON-03  '     1.3498    23.0498    -1.1772     2.01314    22.52486    -0.52269
'ZON-04  '     1.3498    23.0498    -1.1772     2.08230    22.46640    -0.36723
'ZON-05  '     1.3498    23.0498    -1.1772     2.16297    22.40484    -0.16948
'ZON-06  '     1.3498    23.0498    -1.1772     2.19763    22.34355     0.00385
'ZON-07  '     1.3498    23.0498    -1.1772     2.20385    22.29591     0.16432
'ZON-08  '     1.3498    23.0498    -1.1772     2.18249    22.24234     0.30277
'ZON-09  '     1.3498    23.0498    -1.1772     2.14167    22.24687     0.43043
'ZIV-01  '     1.4375    23.2438    -1.2131     1.27758    22.58026    -0.89233
'ZIV-02  '     1.4375    23.2438    -1.2131     1.06810    21.08778    -0.35552
'ZIV-03  '     1.4375    23.2438    -1.2131     1.04594    20.52240    -0.13420
'ZIV-04  '     1.4375    23.2438    -1.2131     1.04455    19.90847     0.10733
'ZIV-05  '     1.4375    23.2438    -1.2131     1.06852    19.47040     0.34920
'ZIV-06  '     1.4375    23.2438    -1.2131     1.12033    18.84758     0.61617
'ZIV-07  '     1.4375    23.2438    -1.2131     1.20109    18.75525     0.88208
'RIN-01  '     1.3985    22.8972    -1.2356     1.12324    24.49648     0.62646
'RIN-02  '     1.3985    22.8972    -1.2356     1.20734    24.42257     0.89595
'RIN-03  '     1.3985    22.8972    -1.2356     1.31385    24.29045     1.06514
'RIN-04  '     1.3985    22.8972    -1.2356     1.44490    24.04292     1.15454
'RIN-05  '     1.3985    22.8972    -1.2356     1.58076    23.75396     1.16104
'RIN-06  '     1.3985    22.8972    -1.2356     1.71335    23.63885     1.11145
'RIN-07  '     1.3985    22.8972    -1.2356     1.82852    23.50804     0.99086
'RIN-08  '     1.3985    22.8972    -1.2356     1.92083    23.49215     0.84273
'RTN-01  '     1.0608    33.7120    -0.6087     1.60877    33.79384    -1.09684
'RTN-02  '     1.0608    33.7120    -0.6087     1.61690    33.78465    -1.06621
'RTN-03  '     1.0608    33.7120    -0.6087     1.62488    33.78564    -1.03612
'RTN-04  '     1.0608    33.7120    -0.6087     1.63279    33.78179    -1.00632
'RTN-05  '     1.0608    33.7120    -0.6087     1.64179    33.76797    -0.97932
'RTN-06  '     1.0608    33.7120    -0.6087     1.65101    33.77737    -0.95398
'RTN-07  '     1.0608    33.7120    -0.6087     1.66317    33.77082    -0.92902
'RXV-01  '     1.7507    44.9336    -1.0010     1.27452    44.95737    -1.01211
'RXV-02  '     1.7507    44.9336    -1.0010     1.28562    44.96182    -0.97907
'RXV-04  '     1.7507    44.9336    -1.0010     1.28234    44.96268    -0.91135
'RXV-05  '     1.7507    44.9336    -1.0010     1.27216    44.95224    -0.87222
'RXV-06  '     1.7507    44.9336    -1.0010     1.25146    44.95759    -0.82823
'RXV-07  '     1.7507    44.9336    -1.0010     1.21651    44.96309    -0.77234
'RXV-08  '     1.7507    44.9336    -1.0010     1.17314    44.97630    -0.70472
'RXV-09  '     1.7507    44.9336    -1.0010     1.12682    45.00636    -0.62574
'ROV-01  '     1.4446    44.9775    -1.1891     1.58077    45.05996    -1.20231
'ROV-02  '     1.4446    44.9775    -1.1891     1.58374    45.04677    -1.19113
'ROV-03  '     1.4446    44.9775    -1.1891     1.58694    45.03867    -1.17907
'ROV-04  '     1.4446    44.9775    -1.1891     1.59040    45.01969    -1.16607
'ROV-06  '     1.4446    44.9775    -1.1891     1.59810    45.01708    -1.13702
'ROV-07  '     1.4446    44.9775    -1.1891     1.60267    45.01103    -1.11980
'ROV-08  '     1.3967    45.1160    -1.1486     1.60611    44.99478    -1.10686
'ROV-09  '     1.3967    45.1160    -1.1486     1.61111    44.98383    -1.08802
'ROV-10  '     1.3967    45.1160    -1.1486     1.61657    44.98190    -1.06743
'ROV-11  '     1.3967    45.1160    -1.1486     1.62247    44.96391    -1.04520
'ROV-12  '     1.3967    45.1160    -1.1486     1.62951    44.96126    -1.01869
'ROV-13  '     1.3967    45.1160    -1.1486     1.63923    44.94580    -0.98636
'ROV-14  '     1.3967    45.1160    -1.1486     1.65189    44.94108    -0.95154
'ZOD-01  '     2.2509   -52.0116     0.3813     1.59273    20.11636    -1.15726
'ZOD-02  '     2.2509   -52.0116     0.3813     1.59041    20.94028    -1.16603
'ZOD-03  '     2.2509   -52.0116     0.3813     1.59473    20.31090    -1.14973
'ZOD-04  '     2.2509   -52.0116     0.3813     1.59265    21.10038    -1.15759
'ZOD-05  '     2.2509   -52.0116     0.3813     1.59694    20.45125    -1.14140
'ZOD-06  '     2.2509   -52.0116     0.3813     1.59467    21.33041    -1.14994
'ZOD-07  '     2.2509   -52.0116     0.3813     1.59894    20.67418    -1.13387
'ZOD-08  '     2.2509   -52.0116     0.3813     1.59676    21.48022    -1.14207
'ZOD-09  '     2.2509   -52.0116     0.3813     1.60098    20.87651    -1.12619
'ZOD-10  '     2.2509   -52.0116     0.3813     1.59891    21.64997    -1.13400
'ZOD-11  '     2.2509   -52.0116     0.3813     1.60310    21.03195    -1.11821
'ZOD-12  '     2.2509   -52.0116     0.3813     1.60111    21.80316    -1.12569
'ZOD-13  '     2.2509   -52.0116     0.3813     1.60517    21.20470    -1.11041
'ZOD-14  '     2.2509   -52.0116     0.3813     1.60329    21.98101    -1.11749
'ZOD-15  '     2.2509   -52.0116     0.3813     1.60725    21.40557    -1.10255
'DMC-01  '     1.4852    33.9664    -1.1570     1.58716    34.82944    -1.17825
'DMC-02  '     1.4852    33.9664    -1.1570     1.58995    34.83523    -1.16775
'DMC-03  '     1.4852    33.9664    -1.1570     1.59285    34.83779    -1.15680
'DMC-04  '     1.4852    33.9664    -1.1570     1.59596    34.84844    -1.14510
'DMC-05  '     1.4852    33.9664    -1.1570     1.59898    34.86071    -1.13373
'DMC-06  '     1.4852    33.9664    -1.1570     1.60258    34.85340    -1.12014
'DMC-07  '     1.4444    33.7265    -1.1251     1.60703    34.89826    -1.10339
'DMC-08  '     1.4444    33.7265    -1.1251     1.61194    34.91647    -1.08490
'DMC-09  '     1.4444    33.7265    -1.1251     1.61814    34.93020    -1.06151
'DMC-10  '     1.4444    33.7265    -1.1251     1.62556    34.93203    -1.03355
'DMC-11  '     1.4444    33.7265    -1.1251     1.63389    34.93951    -1.00219
'DMB-01  '     1.4852    33.9664    -1.1570     1.58699    34.44189    -1.17888
'DMB-02  '     1.4852    33.9664    -1.1570     1.58975    34.45016    -1.16848
'DMB-03  '     1.4852    33.9664    -1.1570     1.59261    34.44818    -1.15772
'DMB-04  '     1.4852    33.9664    -1.1570     1.59557    34.44150    -1.14656
'DMB-05  '     1.4852    33.9664    -1.1570     1.59882    34.44199    -1.13434
'DMB-07  '     1.4444    33.7265    -1.1251     1.60645    34.44942    -1.10556
'DMB-08  '     1.4444    33.7265    -1.1251     1.61178    34.46675    -1.08550
'DMB-09  '     1.4444    33.7265    -1.1251     1.61789    34.46876    -1.06248
'DMB-10  '     1.4444    33.7265    -1.1251     1.62474    34.48322    -1.03666
'DMB-11  '     1.4444    33.7265    -1.1251     1.63309    34.48266    -1.00521
'DME-01  '     1.4852    33.9664    -1.1570     1.58709    34.07962    -1.17852
'DME-03  '     1.4852    33.9664    -1.1570     1.59239    34.05937    -1.15856
'DME-04  '     1.4852    33.9664    -1.1570     1.59554    34.05496    -1.14667
'DME-05  '     1.4852    33.9664    -1.1570     1.59869    34.05733    -1.13481
'DME-06  '     1.4852    33.9664    -1.1570     1.60213    34.07041    -1.12187
'DME-07  '     1.4444    33.7265    -1.1251     1.60617    34.04736    -1.10662
'DME-08  '     1.4444    33.7265    -1.1251     1.61160    34.03801    -1.08615
'DME-09  '     1.4444    33.7265    -1.1251     1.61771    34.04872    -1.06316
'DME-10  '     1.4444    33.7265    -1.1251     1.62444    34.05110    -1.03778
'DME-11  '     1.4444    33.7265    -1.1251     1.63262    34.06600    -1.00698
'BEP-1-1 '     2.2647   125.9631    -0.4314     2.0881   156.0843    -0.2435
'BEP-2-1 '     2.2647   125.9631    -0.4314     2.0734   156.3996    -0.2452
'BEP-3-1 '     2.2647   125.9631    -0.4314     2.0580   156.7377    -0.2473
'BEP-4-1 '     2.2647   125.9631    -0.4314     2.0428   157.0789    -0.2494
'BEP-5-1 '     2.2647   125.9631    -0.4314     2.0273   157.4298    -0.2510
'BEP-1-2 '     2.2895   126.3298    -0.3455     2.0890   156.0869    -0.2435
'BEP-2-2 '     2.2895   126.3298    -0.3455     2.0737   156.4173    -0.2454
'BEP-3-2 '     2.2895   126.3298    -0.3455     2.0580   156.7674    -0.2481
'BEP-4-2 '     2.2895   126.3298    -0.3455     2.0423   157.1184    -0.2500
'BEP-5-2 '     2.2895   126.3298    -0.3455     2.0267   157.4765    -0.2521
'BEP-1-3 '     2.3008   127.4462    -0.2606     2.0900   156.0964    -0.2459
'BEP-2-3 '     2.3008   127.4462    -0.2606     2.0738   156.4476    -0.2484
'BEP-3-3 '     2.3008   127.4462    -0.2606     2.0579   156.8020    -0.2509
'BEP-4-3 '     2.3008   127.4462    -0.2606     2.0419   157.1625    -0.2532
'BEP-5-3 '     2.3008   127.4462    -0.2606     2.0246   157.5604    -0.2553
'L-09-01 '     1.1065   191.3124     0.5527     2.1189   197.6367     0.4792
'L-09-02 '     1.1058   191.3024     0.5492     2.1549   197.7395     0.3924
'L-09-03 '     1.1050   191.2887     0.5458     2.1837   197.7710     0.2983
'L-09-04 '     1.1042   191.2778     0.5423     2.1998   197.7969     0.1991
'L-09-05 '     1.1034   191.2671     0.5385     2.2034   197.7934     0.0928
'L-09-06 '     1.1027   191.2525     0.5349     2.1960   197.7023    -0.0097
'L-09-07 '     1.1019   191.2423     0.5313     2.1786   197.6387    -0.1079
'L-10-01 '     1.1068   213.6440     0.5541     2.1123   220.5322     0.4925
'L-10-02 '     1.1062   213.6335     0.5513     2.1489   220.6277     0.4097
'L-10-03 '     1.1055   213.6236     0.5481     2.1803   220.7178     0.3111
'L-10-04 '     1.1049   213.6122     0.5452     2.1983   220.7341     0.2120
'L-10-06 '     1.1035   213.5925     0.5390     2.1977   220.6993     0.0043
'L-10-07 '     1.1029   213.5808     0.5359     2.1816   220.6013    -0.0962
'L-11-01 '     1.1064   236.2125     0.5523     2.1131   241.5070     0.4908
'L-11-02 '     1.1058   236.2078     0.5493     2.1502   241.6337     0.4059
'L-11-03 '     1.1051   236.2027     0.5461     2.1808   241.7399     0.3091
'L-11-04 '     1.1044   236.2005     0.5430     2.1983   241.8512     0.2125
'L-11-05 '     1.1037   236.1955     0.5398     2.2035   241.8979     0.1077
'L-11-06 '     1.1030   236.1847     0.5366     2.1979   241.8297     0.0058
'L-11-07 '     1.1023   236.1805     0.5333     2.1814   241.8354    -0.0968
'L-12-01 '     1.1118   258.7390     0.5773     2.1112   270.3411     0.4946
'L-12-02 '     1.1110   258.7110     0.5735     2.1515   270.4679     0.4022
'L-12-03 '     1.1102   258.6863     0.5697     2.1832   270.5739     0.3003
'L-12-04 '     1.1094   258.6596     0.5661     2.1999   270.5576     0.1987
'L-12-05 '     1.1086   258.6325     0.5624     2.2034   270.4676     0.0929
'L-12-06 '     1.1078   258.6039     0.5587     2.1959   270.2912    -0.0102
'CER-01  '     2.8694   276.1586     0.2750     1.6920   340.5548     0.0450
'CER-02  '     2.8694   276.1586     0.2750     1.7067   340.2064     0.0443
'CER-03  '     2.8694   276.1586     0.2750     1.7209   339.9154     0.0427
'CER-04  '     2.8694   276.1586     0.2750     1.7346   339.6115     0.0409
'CER-05  '     2.8694   276.1586     0.2750     1.7489   339.3095     0.0401
'CER-06  '     2.8694   276.1586     0.2750     1.7635   339.0393     0.0377
'CER-07  '     2.8694   276.1586     0.2750     1.7780   338.7272     0.0367
'CER-08  '     2.8694   276.1586     0.2750     1.7921   338.4507     0.0358
'CER-09  '     2.8694   276.1586     0.2750     1.8060   338.1906     0.0336
'CER-10  '     2.8694   276.1586     0.2750     1.8215   337.8932     0.0323
'CER-11  '     2.8694   276.1586     0.2750     1.8361   337.6280     0.0315
'CER-12  '     2.8694   276.1586     0.2750     1.8509   337.3356     0.0288
'CER-13  '     2.8694   276.1586     0.2750     1.8676   337.0389     0.0283
'CER-14  '     2.8694   276.1586     0.2750     1.8838   336.7612     0.0267
'CER-15  '     2.8694   276.1586     0.2750     1.8985   336.5130     0.0265
'CER-16  '     2.8694   276.1586     0.2750     1.9138   336.2483     0.0253
'CER-17  '     2.8694   276.1586     0.2750     1.9276   336.0228     0.0230
'CER-18  '     2.8694   276.1586     0.2750     1.9432   335.7661     0.0217
'CER-19  '     2.8694   276.1586     0.2750     1.9567   335.5436     0.0204
'CER-20  '     2.8694   276.1586     0.2750     1.9709   335.3210     0.0195
'CER-21  '     2.8694   276.1586     0.2750     1.9851   335.1026     0.0199
'CER-22  '     2.8694   276.1586     0.2750     1.9989   334.8911     0.0190
'CER-23  '     2.8694   276.1586     0.2750     2.0123   334.6860     0.0179
'CER-24  '     2.8694   276.1586     0.2750     2.0265   334.4830     0.0166
'CER-25  '     2.8694   276.1586     0.2750     2.0410   334.2751     0.0162
'CER-26  '     2.8694   276.1586     0.2750     2.0556   334.0694     0.0159
'CER-27  '     2.8694   276.1586     0.2750     2.0687   333.8784     0.0149
'CER-28  '     2.8694   276.1586     0.2750     2.0825   333.6880     0.0132
'CER-29  '     2.8694   276.1586     0.2750     2.0971   333.4850     0.0115
'CER-30  '     2.8694   276.1586     0.2750     2.1124   333.2874     0.0123
'CER-31  '     2.8694   276.1586     0.2750     1.6929   340.5144     0.0613
'CER-32  '     2.8694   276.1586     0.2750     1.7082   340.1700     0.0604
'CER-33  '     2.8694   276.1586     0.2750     1.7215   339.9057     0.0584
'CER-34  '     2.8694   276.1586     0.2750     1.7373   339.5416     0.0564
'CER-35  '     2.8694   276.1586     0.2750     1.7501   339.2875     0.0552
'CER-36  '     2.8694   276.1586     0.2750     1.7642   338.9892     0.0535
'CER-37  '     2.8694   276.1586     0.2750     1.7799   338.6851     0.0533
'CER-38  '     2.8694   276.1586     0.2750     1.7943   338.4019     0.0527
'CER-39  '     2.8694   276.1586     0.2750     1.8080   338.1262     0.0498
'CER-40  '     2.8694   276.1586     0.2750     1.8229   337.8616     0.0481
'CER-41  '     2.8694   276.1586     0.2750     1.8367   337.6015     0.0463
'CER-42  '     2.8694   276.1586     0.2750     1.8509   337.3399     0.0470
'CER-43  '     2.8694   276.1586     0.2750     1.8652   337.0795     0.0452
'CER-44  '     2.8694   276.1586     0.2750     1.8803   336.8218     0.0432
'CER-45  '     2.8694   276.1586     0.2750     1.8947   336.5765     0.0428
'CER-46  '     2.8694   276.1586     0.2750     1.9091   336.3336     0.0413
'CER-47  '     2.8694   276.1586     0.2750     1.9237   336.0976     0.0403
'CER-48  '     2.8694   276.1586     0.2750     1.9379   335.8454     0.0394
'CER-49  '     2.8694   276.1586     0.2750     1.9527   335.6187     0.0379
'CER-50  '     2.8694   276.1586     0.2750     1.9665   335.3932     0.0363
'CER-51  '     2.8694   276.1586     0.2750     1.9807   335.1726     0.0358
'CER-52  '     2.8694   276.1586     0.2750     1.9940   334.9606     0.0344
'CER-53  '     2.8694   276.1586     0.2750     2.0087   334.7512     0.0343
'CER-54  '     2.8694   276.1586     0.2750     2.0230   334.5429     0.0322
'CER-55  '     2.8694   276.1586     0.2750     2.0371   334.3254     0.0317
'CER-56  '     2.8694   276.1586     0.2750     2.0512   334.1302     0.0309
'CER-57  '     2.8694   276.1586     0.2750     2.0651   333.9313     0.0301
'CER-58  '     2.8694   276.1586     0.2750     2.0800   333.7276     0.0296
'CER-59  '     2.8694   276.1586     0.2750     2.0941   333.5351     0.0283
'CER-60  '     2.8694   276.1586     0.2750     2.1078   333.3466     0.0266
'CER-61  '     2.8694   276.1586     0.2750     2.1209   333.1720     0.0259
'CER-62  '     2.8694   276.1586     0.2750     1.6954   340.4456     0.0763
'CER-63  '     2.8694   276.1586     0.2750     1.7120   340.0877     0.0746
'CER-64  '     2.8694   276.1586     0.2750     1.7276   339.7506     0.0741
'CER-65  '     2.8694   276.1586     0.2750     1.7444   339.3817     0.0730
'CER-66  '     2.8694   276.1586     0.2750     1.7591   339.0859     0.0720
'CER-67  '     2.8694   276.1586     0.2750     1.7742   338.7857     0.0701
'CER-68  '     2.8694   276.1586     0.2750     1.7889   338.4981     0.0690
'CER-69  '     2.8694   276.1586     0.2750     1.8048   338.1871     0.0671
'CER-70  '     2.8694   276.1586     0.2750     1.8228   337.8455     0.0652
'CER-71  '     2.8694   276.1586     0.2750     1.8371   337.5849     0.0650
'CER-72  '     2.8694   276.1586     0.2750     1.8517   337.3196     0.0626
'CER-73  '     2.8694   276.1586     0.2750     1.8648   337.0749     0.0615
'CER-74  '     2.8694   276.1586     0.2750     1.8804   336.8163     0.0602
'CER-75  '     2.8694   276.1586     0.2750     1.8952   336.5574     0.0598
'CER-76  '     2.8694   276.1586     0.2750     1.9099   336.3114     0.0591
'CER-77  '     2.8694   276.1586     0.2750     1.9236   336.0781     0.0571
'CER-78  '     2.8694   276.1586     0.2750     1.9381   335.8479     0.0563
'CER-79  '     2.8694   276.1586     0.2750     1.9517   335.6178     0.0543
'CER-80  '     2.8694   276.1586     0.2750     1.9663   335.3844     0.0534
'CER-81  '     2.8694   276.1586     0.2750     1.9815   335.1546     0.0526
'CER-82  '     2.8694   276.1586     0.2750     1.9954   334.9432     0.0513
'CER-83  '     2.8694   276.1586     0.2750     2.0088   334.7354     0.0495
'CER-84  '     2.8694   276.1586     0.2750     2.0227   334.5479     0.0509
'CER-85  '     2.8694   276.1586     0.2750     2.0383   334.3051     0.0474
'CER-86  '     2.8694   276.1586     0.2750     2.0523   334.0997     0.0472
'CER-87  '     2.8694   276.1586     0.2750     2.0676   333.8961     0.0456
'CER-88  '     2.8694   276.1586     0.2750     2.0815   333.7001     0.0447
'CER-89  '     2.8694   276.1586     0.2750     2.0984   333.4784     0.0425
'CER-90  '     2.8694   276.1586     0.2750     2.1128   333.2816     0.0422
'CER-91  '     2.8694   276.1586     0.2750     2.1275   333.0873     0.0400
'CPF-01  '     1.8101   325.6865     1.1442     2.0219   -25.4491     0.1783
'CPF-02  '     1.8101   325.6865     1.1442     1.9780   -24.7837     0.1173
'CPF-03  '     1.8101   325.6865     1.1442     1.9345   -24.0968     0.1033
'CPF-04  '     1.8101   325.6865     1.1442     1.8904   -23.3611     0.1045
'CPF-05  '     1.8101   325.6865     1.1442     1.8468   -22.5970     0.1083
'CPF-06  '     1.8101   325.6865     1.1442     1.8040   -21.7912     0.1108
'CPF-07  '     1.8101   325.6865     1.1442     1.7615   -20.9469     0.1162
'CPF-08  '     1.8101   325.6865     1.1442     1.7176   -20.0420     0.1172
'CPF-09  '     1.8101   325.6865     1.1442     1.6752   -19.0770     0.1205
'CPF-11  '     1.8101   325.6865     1.1442     1.5891   -17.0386     0.1235
'JOH     '    2.194      5.0        0.008       1.060     22.329        0.246 
'MBR     '    2.200      11.0       0.140       1.050     11.0          0.140 
'CHR-10  '     2.3101   196.2300     0.2683     1.8091   154.7842     0.2836
'CHR-09  '     2.3101   196.2300     0.2683     1.8043   154.5274     0.2165
'CHR-08  '     2.3101   196.2300     0.2683     1.8064   154.4017     0.1456
'CHR-07  '     2.3101   196.2300     0.2683     1.8026   154.6407     0.0772
'CHR-06  '     2.3101   196.2300     0.2683     1.7985   155.1793     0.0064
'CHR-05  '     2.3101   196.2300     0.2683     1.7955   155.9548    -0.0595
'CHR-04  '     2.3101   196.2300     0.2683     1.7934   157.0023    -0.1240
'CHR-03  '     2.3101   196.2300     0.2683     1.7921   158.2897    -0.1839
'CHR-02  '     2.3101   196.2300     0.2683     1.7917   159.7406    -0.2368
'CHR-01  '     2.3101   196.2300     0.2683     1.7932   161.3644    -0.2849
'F50-01  '     2.4006   354.6307    -0.1200     1.9565   -24.4510    -0.0014
'F50-02  '     2.4006   354.6307    -0.1200     1.9100   -23.6945     0.0011
'F50-03  '     2.4006   354.6307    -0.1200     1.8622   -22.8709     0.0022
'F50-04  '     2.4006   354.6307    -0.1200     1.8152   -22.0042     0.0039
'F50-05  '     2.4006   354.6307    -0.1200     1.7691   -21.1056     0.0081
'F50-06  '     2.4006   354.6307    -0.1200     1.7217   -20.1239     0.0129
'F50-07  '     2.4006   354.6307    -0.1200     1.6742   -19.0765     0.0022
'F85-01  '     2.4108   343.6109    -0.0785     1.9782   -24.7891     0.0325
'F85-02  '     2.4108   343.6109    -0.0785     1.9090   -23.6727     0.0400
'F85-03  '     2.4108   343.6109    -0.0785     1.8289   -22.2684     0.0493
'F85-04  '     2.4108   343.6109    -0.0785     1.7348   -20.3942     0.0585
'F85-05  '     2.4108   343.6109    -0.0785     1.6235   -17.8678     0.0695
'COR-01  '     2.3398   111.6026    -0.2454     2.1180   150.4543     0.0768
'COR-02  '     2.3398   111.6026    -0.2454     2.1058   150.6028     0.0778
'COR-03  '     2.3398   111.6026    -0.2454     2.0932   150.7548     0.0788
'COR-04  '     2.3398   111.6026    -0.2454     2.0805   150.9106     0.0795
'COR-05  '     2.3398   111.6026    -0.2454     2.0677   151.0698     0.0806
'COR-06  '     2.3398   111.6026    -0.2454     2.0553   151.2259     0.0817
'COR-07  '     2.3398   111.6026    -0.2454     2.0424   151.3925     0.0826
'COR-08  '     2.3398   111.6026    -0.2454     2.0300   151.5525     0.0839
'COR-09  '     2.3398   111.6026    -0.2454     2.0166   151.7305     0.0850
'COR-10  '     2.3398   111.6026    -0.2454     2.0039   151.9003     0.0857
'COR-11  '     2.3398   111.6026    -0.2454     1.9906   152.0801     0.0868
'COR-12  '     2.3398   111.6026    -0.2454     1.9777   152.2596     0.0880
'COR-13  '     2.3398   111.6026    -0.2454     1.9641   152.4487     0.0895
'COR-14  '     2.3398   111.6026    -0.2454     1.9516   152.6268     0.0899
'COR-15  '     2.3398   111.6026    -0.2454     1.9385   152.8160     0.0910
'COR-16  '     2.3398   111.6026    -0.2454     1.9256   153.0054     0.0914
'COR-17  '     2.3398   111.6026    -0.2454     1.9121   153.2051     0.0929
'COR-18  '     2.3398   111.6026    -0.2454     1.8993   153.3983     0.0933
'COR-19  '     2.3398   111.6026    -0.2454     1.8857   153.6076     0.0949
'COR-20  '     2.3398   111.6026    -0.2454     1.8718   153.8234     0.0963
'COR-21  '     2.4100   110.2358    -0.1746     1.8645   153.9401     0.0619
'COR-22  '     2.4100   110.2358    -0.1746     1.8518   154.1420     0.0628
'COR-23  '     2.4100   110.2358    -0.1746     1.8395   154.3424     0.0639
'COR-24  '     2.4100   110.2358    -0.1746     1.8272   154.5453     0.0652
'COR-25  '     2.4100   110.2358    -0.1746     1.8150   154.7501     0.0668
'COR-26  '     2.4100   110.2358    -0.1746     1.8024   154.9637     0.0682
'COR-27  '     2.4100   110.2358    -0.1746     1.7898   155.1811     0.0687
'COR-28  '     2.4100   110.2358    -0.1746     1.7770   155.4050     0.0702
'COR-29  '     2.4100   110.2358    -0.1746     1.7643   155.6327     0.0711
'COR-30  '     2.4100   110.2358    -0.1746     1.7517   155.8625     0.0727
'COR-31  '     2.4100   110.2358    -0.1746     1.7384   156.1053     0.0732
'COR-32  '     2.4100   110.2358    -0.1746     1.7252   156.3535     0.0741
'COR-33  '     2.4100   110.2358    -0.1746     1.7121   156.6045     0.0753
'COR-34  '     2.4100   110.2358    -0.1746     1.6993   156.8552     0.0767
'COR-35  '     2.4100   110.2358    -0.1746     1.6865   157.1120     0.0786
'COR-36  '     2.4100   110.2358    -0.1746     1.6732   157.3792     0.0796
'COR-37  '     2.4100   110.2358    -0.1746     1.6596   157.6575     0.0801
'COR-38  '     2.4100   110.2358    -0.1746     1.6459   157.9453     0.0817
'COR-39  '     2.4100   110.2358    -0.1746     1.6325   158.2308     0.0820
'COR-40  '     2.4100   110.2358    -0.1746     1.6187   158.5247     0.0836
'COR-41  '     2.4100   110.2358    -0.1746     1.6051   158.8287     0.0849
'COR-42  '     2.4100   110.2358    -0.1746     1.5917   159.1394     0.0861
'COR-43  '     2.4100   110.2358    -0.1746     1.5773   159.4725     0.0874
'COR-44  '     2.4261   110.6016    -0.0491     1.5699   159.6421     0.1307
'COR-45  '     2.4261   110.6016    -0.0491     1.5572   159.9467     0.1328
'COR-46  '     2.4261   110.6016    -0.0491     1.5458   160.2285     0.1340
'COR-47  '     2.4261   110.6016    -0.0491     1.5327   160.5455     0.1350
'COR-48  '     2.4261   110.6016    -0.0491     1.5210   160.8452     0.1364
'COR-49  '     2.4261   110.6016    -0.0491     1.5090   161.1550     0.1376
'COR-50  '     2.4261   110.6016    -0.0491     1.4962   161.4900     0.1389
'COR-51  '     2.4261   110.6016    -0.0491     1.4839   161.8296     0.1398
'COR-52  '     2.4261   110.6016    -0.0491     1.4712   162.1774     0.1411
'COR-53  '     2.4261   110.6016    -0.0491     1.4589   162.5295     0.1424
'COR-54  '     2.4261   110.6016    -0.0491     1.4461   162.8942     0.1437
'COR-55  '     2.4261   110.6016    -0.0491     1.4328   163.2795     0.1448
'COR-56  '     2.4261   110.6016    -0.0491     1.4203   163.6642     0.1461
'COR-57  '     2.4261   110.6016    -0.0491     1.4067   164.0601     0.1475
'COR-58  '     2.4261   110.6016    -0.0491     1.3942   164.4678     0.1488
'COR-59  '     2.4261   110.6016    -0.0491     1.3814   164.8875     0.1504
'COR-60  '     2.4261   110.6016    -0.0491     1.3685   165.3321     0.1516
'COR-61  '     2.4261   110.6016    -0.0491     1.3552   165.7642     0.1529
'COR-62  '     2.4261   110.6016    -0.0491     1.3418   166.2393     0.1541
'COR-63  '     2.4261   110.6016    -0.0491     1.3286   166.7075     0.1556
'COR-64  '     2.4261   110.6016    -0.0491     1.3155   167.2098     0.1569
'COR-65  '     2.4261   110.6016    -0.0491     1.3020   167.6959     0.1581
'COR-66  '     2.4261   110.6016    -0.0491     1.2888   168.2155     0.1596
'COR-67  '     2.4261   110.6016    -0.0491     1.2756   168.7635     0.1607
'COR-68  '     2.4261   110.6016    -0.0491     1.2616   169.3102     0.1621
'COR-69  '     2.4261   110.6016    -0.0491     1.2483   169.8536     0.1634
'COR-70  '     2.4261   110.6016    -0.0491     1.2337   170.4825     0.1647
'NBI11   '     2.6000   -32.7215    0.0220000      1.04600     -13.8139    -0.119000
'NBI12   '     2.6000   -31.8620    0.0210000      1.04600      10.0785    -0.146000
'NBI13   '     2.6000   -31.8620   -0.0210000      1.04600      10.0785     0.146000
'NBI14   '     2.6000   -32.7215   -0.0220000      1.04600     -13.8139     0.119000
'NBI25   '     2.6000    145.583   -0.0190000      1.04800      180.015    -0.176000
'NBI26   '     2.6000    148.207    -0.149000      2.04000      259.245    -0.595000
'NBI27   '     2.6000    148.207     0.149000      2.10000      260.569     0.604000
'NBI28   '     2.6000    145.586    0.0190000      1.04800      180.015     0.176000
'CPR-1   '   2.2098000 -27.0663719   0.5382000   2.1014388 -27.2139206   0.0271246
'CPR-2   '   2.2098000 -27.0663719   0.5382000   2.1045804 -27.0118408   0.0261323
'CPR-3   '   2.2098000 -27.0663719   0.5382000   2.1072888 -27.2117119   0.0262492
'CPR-4   '   2.2098000 -27.0663719   0.5382000   2.1105001 -27.0045090   0.0253167
'CPR-5   '   2.2098000 -27.0663719   0.5382000   2.1129856 -27.2111549   0.0254202
'CPR-6   '   2.2098000 -27.0663719   0.5382000   2.1177001 -27.0209427   0.0243939
'CPR-7   '   2.2098000 -27.0663719   0.5382000   2.1199365 -27.2152023   0.0244450
'CPR-8   '   2.2098000 -27.0663719   0.5382000   2.1230979 -27.0100784   0.0236868
'CPR-9   '   2.2098000 -27.0663719   0.5382000   2.1258552 -27.2202187   0.0236357
'CPR-10  '   2.2098000 -27.0663719   0.5382000   2.1286876 -27.0160942   0.0229909
'CPR-11  '   2.2098000 -27.0663719   0.5382000   2.1319258 -27.2240868   0.0228182
'CPR-12  '   2.2098000 -27.0663719   0.5382000   2.1358390 -27.0123405   0.0221144
'CPR-13  '   2.2098000 -27.0663719   0.5382000   2.1376085 -27.2174072   0.0220572
'CPR-14  '   2.2098000 -27.0663719   0.5382000   2.1414726 -27.0253677   0.0214531
'CPR-15  '   2.2098000 -27.0663719   0.5382000   2.1442280 -27.2261086   0.0212242
'CPR-16  '   2.2098000 -27.0663719   0.5382000   2.1474371 -27.0195732   0.0207882
'CPR-17  '   2.2098000 -27.0663719   0.5382000   2.1504643 -27.2106247   0.0204820
'CPR-18  '   2.2098000 -27.0663719   0.5382000   2.1531322 -27.0314941   0.0202155
'CPR-19  '   2.2098000 -27.0663719   0.5382000   2.1563408 -27.2195473   0.0199505
'CMR-1-1 '   2.3146999  -4.9559326   0.2746000   2.1027524 -26.6543808   0.0260321
'CMR-1-2 '   2.3146999  -4.9559326   0.2746000   2.1062949 -26.7266998   0.0282923
'CMR-1-3 '   2.3146999  -4.9559326   0.2746000   2.1081858 -26.7168579   0.0237662
'CMR-1-4 '   2.3146999  -4.9559326   0.2746000   2.1101384 -26.7761192   0.0272610
'CMR-1-5 '   2.3146999  -4.9559326   0.2746000   2.1125979 -26.7763290   0.0231807
'CMR-1-6 '   2.3146999  -4.9559326   0.2746000   2.1142232 -26.8302803   0.0267330
'CMR-1-7 '   2.3146999  -4.9559326   0.2746000   2.1164997 -26.8225861   0.0229105
'CMR-1-8 '   2.3146999  -4.9559326   0.2746000   2.1181276 -26.8733788   0.0265000
'CMR-1-9 '   2.3146999  -4.9559326   0.2746000   2.1212854 -26.8537636   0.0232717
'CMR-1-10'   2.3146999  -4.9559326   0.2746000   2.1224947 -26.9056625   0.0278761
'CMR-1-11'   2.3146999  -4.9559326   0.2746000   2.1248875 -26.8442154   0.0247109
'CMR-2-1 '   2.2792001  -7.3107834   0.1549000   2.1240976 -27.0143929   0.0169391
'CMR-2-2 '   2.2792001  -7.3107834   0.1549000   2.1267583 -27.0499954   0.0203655
'CMR-2-3 '   2.2792001  -7.3107834   0.1549000   2.1285765 -27.0048218   0.0170203
'CMR-2-4 '   2.2792001  -7.3107834   0.1549000   2.1304893 -27.0110092   0.0205514
'CMR-2-5 '   2.2792001  -7.3107834   0.1549000   2.1324337 -26.9282494   0.0173067
'CMR-2-6 '   2.2792001  -7.3107834   0.1549000   2.1346283 -26.9147491   0.0209527
'CMR-2-7 '   2.2792001  -7.3107834   0.1549000   2.1365364 -26.8299751   0.0173465
'CMR-2-8 '   2.2792001  -7.3107834   0.1549000   2.1388149 -26.8397827   0.0212159
'CMR-2-9 '   2.2792001  -7.3107834   0.1549000   2.1412160 -26.8095322   0.0174936
'CMR-2-10'   2.2792001  -7.3107834   0.1549000   2.1433871 -26.8574333   0.0204769
'CMR-2-11'   2.2792001  -7.3107834   0.1549000   2.147  -26.8574333   0.0204769
'CMR-3-1 '    2.2837    -6.909713164915438    0.092    2.1388338294724263    -22.26180945092701    0.06352935200172379
'CMR-3-2 '    2.2837    -6.909713164915438    0.092    2.140953632104081    -22.264385577367214    0.06578832398607447
'CMR-3-3 '    2.2837    -6.909713164915438    0.092    2.141942217241051    -22.260237440349442    0.06251164703157272
'CMR-3-4 '    2.2837    -6.909713164915438    0.092    2.1439352682838924    -22.263834913381324    0.06549745783419966
'CMR-3-5 '    2.2837    -6.909713164915438    0.092    2.145104549893041    -22.259693036765874    0.062223042074971625
'CMR-3-6 '    2.2837    -6.909713164915438    0.092    2.1469124035001945    -22.263869062092155    0.06563113173729473
'CMR-3-7 '    2.2837    -6.909713164915438    0.092    2.148261961434368    -22.259799814326563    0.06235859855459342
'CMR-3-8 '    2.2837    -6.909713164915438    0.092    2.1497059467740365    -22.263699452750863    0.0655204868845865
'CMR-3-9 '    2.2837    -6.909713164915438    0.092    2.1512350270425875    -22.25991323468508    0.06243168281808383
'CMR-3-10'    2.2837    -6.909713164915438    0.092    2.153042396229413    -22.263899000538892    0.06565383990249678
'CMR-3-11'    2.2837    -6.909713164915438    0.092    2.1546878554099718    -22.26113416429812    0.06329401289738697
'CNR-1   '    2.1743    -22.184767983103185    0.5262    2.113381505883362    -22.12146970606323    0.059147052548596535
'CNR-2   '    2.1743    -22.184767983103185    0.5262    2.1154508376959096    -22.314832173127265    0.05926780283443626
'CNR-3   '    2.1743    -22.184767983103185    0.5262    2.1194268550915094    -22.12702440086626    0.05936598662479094
'CNR-4   '    2.1743    -22.184767983103185    0.5262    2.1208733282377064    -22.30864821764731    0.05945536382025397
'CNR-5   '    2.1743    -22.184767983103185    0.5262    2.124646594961947    -22.12915934926123    0.05954304435711037
'CNR-6   '    2.1743    -22.184767983103185    0.5262    2.1262443579513803    -22.30661770338802    0.05963119015769338
'CNR-7   '    2.1743    -22.184767983103185    0.5262    2.1297970096139616    -22.134449504867973    0.05970657724800702
'CNR-8   '    2.1743    -22.184767983103185    0.5262    2.132252223797191    -22.301237117826545    0.05981230333685345
'CNR-9   '    2.1743    -22.184767983103185    0.5262    2.135621579753241    -22.12440410635601    0.05988023349802126
'CNR-10  '    2.1743    -22.184767983103185    0.5262    2.1372998930803813    -22.296244925096055    0.059952817148571196
'CNR-11  '    2.1743    -22.184767983103185    0.5262    2.141314444009918    -22.126692208606634    0.06003552211850551
'CNR-12  '    2.1743    -22.184767983103185    0.5262    2.1431849045601967    -22.299468490235306    0.0601075595679972
'CNR-13  '    2.1743    -22.184767983103185    0.5262    2.146510353304565    -22.118942866868544    0.06016809815161043
'CNR-14  '    2.1743    -22.184767983103185    0.5262    2.1481356183152616    -22.295262962882504    0.060223536963092905
'CNR-15  '    2.1743    -22.184767983103185    0.5262    2.152075015639093    -22.115393701360425    0.06029781746854275
'CNR-16  '    2.1743    -22.184767983103185    0.5262    2.153863660010444    -22.292276906494052    0.06034605912504991
'CNR-17  '    2.1743    -22.184767983103185    0.5262    2.1580212273698622    -22.11456740133452    0.06042250313981444
'CNR-18  '    2.1743    -22.184767983103185    0.5262    2.15916445498663    -22.29509129901451    0.060449947513356445
'CNR-19  '    2.1743    -22.184767983103185    0.5262    2.163291386346459    -22.115503625768497    0.06052107380854685
'CNR-20  '    2.1743    -22.184767983103185    0.5262    2.1647575409480435    -22.296003550504615    0.06054616486877413
'CNR-21  '    2.1743    -22.184767983103185    0.5262    2.1685892137591702    -22.112678064225634    0.0606115605781489
'CNR-22  '    2.1743    -22.184767983103185    0.5262    2.170404279624411    -22.292042204433244    0.060628061358120516
'SPD001  '    2.1928      11.3   -0.0257         1.0502      14.3    0.1814
'SPD002  '    2.1928      11.3   -0.0257         1.0502      14.3    0.1814
'MSS-01L1'  2.435795  19.723665  -0.470000  2.039953  -3.078737  -0.211856
'MSS-01L2'  2.434991  19.644857  -0.470000  2.045169  -3.102237  -0.199148
'MSS-01L3'  2.425627  19.273431  -0.470000  2.043867  -3.454056  -0.179547
'MSS-01L4'  2.434295  19.543134  -0.470000  2.051892  -3.017759  -0.171219
'MSS-01L5'  2.439913  19.538971  -0.470000  2.054847  -2.821137  -0.157298
'MSS-01L6'  2.430379  19.562074  -0.470000  2.058442  -2.841554  -0.143718
'MSS-02L1'  2.436337  19.487761  -0.470000  2.017560  -3.125732  -0.207659
'MSS-02L2'  2.434527  19.384376  -0.470000  2.021602  -3.164655  -0.192528
'MSS-02L3'  2.431785  19.443068  -0.470000  2.024624  -3.056703  -0.178994
'MSS-02L4'  2.434895  19.444087  -0.470000  2.030237  -2.921241  -0.165813
'MSS-02L5'  2.432962  19.336055  -0.470000  2.032951  -2.935401  -0.150593
'MSS-02L6'  2.434669  19.373777  -0.470000  2.036593  -2.756162  -0.136865
'MSS-03L1'  2.434238  19.396221  -0.470000  1.994087  -3.022175  -0.200632
'MSS-03L2'  2.434700  19.503863  -0.470000  1.998835  -2.834249  -0.187830
'MSS-03L3'  2.435790  19.455082  -0.470000  2.003133  -2.771006  -0.173788
'MSS-03L4'  2.431989  19.466924  -0.470000  2.005499  -2.714177  -0.159820
'MSS-03L5'  2.432617  19.380006  -0.470000  2.010404  -2.685979  -0.145516
'MSS-03L6'  2.430626  19.391088  -0.470000  2.012817  -2.585324  -0.131693
'MSS-04L1'  2.439434  19.625441  -0.470000  1.973897  -2.507708  -0.198670
'MSS-04L2'  2.434004  19.402861  -0.470000  1.975947  -2.717177  -0.183291
'MSS-04L3'  2.432439  19.442655  -0.470000  1.979211  -2.605257  -0.169258
'MSS-04L4'  2.432346  19.390649  -0.470000  1.983858  -2.561654  -0.155156
'MSS-04L5'  2.430357  19.362075  -0.470000  1.985083  -2.492974  -0.140987
'MSS-04L6'  2.433808  19.387670  -0.470000  1.991397  -2.311713  -0.127410
'MSS-05L1'  2.435851  19.451124  -0.470000  1.950029  -2.473224  -0.192660
'MSS-05L2'  2.438169  19.528851  -0.470000  1.954860  -2.271192  -0.178974
'MSS-05L3'  2.436588  19.499303  -0.470000  1.957820  -2.226234  -0.164915
'MSS-05L4'  2.433613  19.374495  -0.470000  1.960687  -2.291374  -0.150397
'MSS-05L5'  2.432345  19.439351  -0.470000  1.964316  -2.142826  -0.136830
'MSS-05L6'  2.432752  19.363899  -0.470000  1.968870  -2.098510  -0.122801
'MSS-06L1'  2.434946  19.410972  -0.470000  1.926826  -2.263870  -0.190078
'MSS-06L2'  2.433018  19.449505  -0.470000  1.929092  -2.147132  -0.174923
'MSS-06L3'  2.435258  19.426425  -0.470000  1.936424  -2.073026  -0.161877
'MSS-06L4'  2.432082  19.403139  -0.470000  1.938299  -2.030151  -0.147264
'MSS-06L5'  2.432937  19.347092  -0.470000  1.943656  -1.968511  -0.132906
'MSS-06L6'  2.432985  19.396434  -0.470000  1.946042  -1.788826  -0.119408
'MSS-07L1'  2.439546  19.594023  -0.470000  1.908368  -1.723582  -0.185781
'MSS-07L2'  2.430112  19.328447  -0.470000  1.905630  -2.005145  -0.169528
'MSS-07L3'  2.434066  19.471143  -0.470000  1.911757  -1.711122  -0.156324
'MSS-07L4'  2.433291  19.348349  -0.470000  1.916837  -1.758016  -0.142183
'MSS-07L5'  2.435356  19.407285  -0.470000  1.922096  -1.563515  -0.128747
'MSS-07L6'  2.431051  19.309894  -0.470000  1.924396  -1.603399  -0.113766
'MSS-08L1'  2.435896  19.379915  -0.470000  1.883871  -1.653083  -0.180544
'MSS-08L2'  2.434975  19.397679  -0.470000  1.887805  -1.561346  -0.166141
'MSS-08L3'  2.434263  19.390585  -0.470000  1.891421  -1.480897  -0.152065
'MSS-08L4'  2.435341  19.395255  -0.470000  1.895794  -1.352705  -0.138253
'MSS-08L5'  2.432682  19.451249  -0.470000  1.899550  -1.245017  -0.124520
'MSS-08L6'  2.431333  19.356323  -0.470000  1.901564  -1.215654  -0.109863
'MSS-09L1'  2.443120  19.548701  -0.470000  1.865084  -1.012681  -0.177890
'MSS-09L2'  2.435506  19.423583  -0.470000  1.865501  -1.166013  -0.162339
'MSS-09L3'  2.434185  19.526977  -0.470000  1.868753  -0.991222  -0.148858
'MSS-09L4'  2.433494  19.420964  -0.470000  1.872031  -0.991833  -0.134416
'MSS-09L5'  2.433459  19.322542  -0.470000  1.877798  -0.998734  -0.120109
'MSS-09L6'  2.429310  19.247130  -0.470000  1.877954  -0.985581  -0.105307
'MSS-10L1'  2.438937  19.358392  -0.470000  1.841887  -0.902495  -0.173992
'MSS-10L2'  2.443662  19.544382  -0.470000  1.848154  -0.553698  -0.161227
'MSS-10L3'  2.434053  19.377231  -0.470000  1.846588  -0.752369  -0.144757
'MSS-10L4'  2.436998  19.390623  -0.470000  1.852679  -0.598396  -0.131488
'MSS-10L5'  2.431184  19.324677  -0.470000  1.853384  -0.633507  -0.116567
'MSS-10L6'  2.434777  19.346279  -0.470000  1.861000  -0.463343  -0.103242
'HEB+0+10'   2.2985000    293.2104677    0.0871000   2.1052917    274.7899574   -0.1041827
'HEB+0+8 '   2.2985000    293.2104677    0.0871000   2.1033868    274.8654809   -0.1106840
'HEB+0+6 '   2.2985000    293.2104677    0.0871000   2.1018223    274.9482868   -0.1167757
'HEB+0+4 '   2.2985000    293.2104677    0.0871000   2.1004596    274.9364375   -0.1238460
'HEB+0+2 '   2.2985000    293.2104677    0.0871000   2.0986135    275.0331878   -0.1291639
'HEB+0-2 '   2.2985000    293.2104677    0.0871000   2.0953500    275.1625824   -0.1418736
'HEB+0-4 '   2.2985000    293.2104677    0.0871000   2.0938742    275.1719084   -0.1486438
'HEB+0-6 '   2.2985000    293.2104677    0.0871000   2.0927519    275.3138560   -0.1539708
'HEB+0-8 '   2.2985000    293.2104677    0.0871000   2.0911034    275.3294307   -0.1610211
'HEB+0-10'   2.2985000    293.2104677    0.0871000   2.0898095    275.4697647   -0.1664784
'HEB+2+4 '   2.2985000    293.2104677    0.0871000   2.1073328    275.0345929   -0.1244632
'HEB+2+2 '   2.2985000    293.2104677    0.0871000   2.1053994    275.0045798   -0.1315313
'HEB+2-2 '   2.2985000    293.2104677    0.0871000   2.1024685    275.1542990   -0.1436732
'HEB+2-4 '   2.2985000    293.2104677    0.0871000   2.1008327    275.1766733   -0.1506103
'HEB+4+4 '   2.2985000    293.2104677    0.0871000   2.1140808    274.9560090   -0.1269958
'HEB+4+2 '   2.2985000    293.2104677    0.0871000   2.1125798    275.0427265   -0.1326930
'HEB+4-2 '   2.2985000    293.2104677    0.0871000   2.1095806    275.1654762   -0.1448697
'HEB+4-4 '   2.2985000    293.2104677    0.0871000   2.1080584    275.1989238   -0.1514982
'HEB+6+4 '   2.2985000    293.2104677    0.0871000   2.1207478    274.9295939   -0.1292323
'HEB+6+2 '   2.2985000    293.2104677    0.0871000   2.1193893    275.0246450   -0.1346700
'HEB+6-2 '   2.2985000    293.2104677    0.0871000   2.1157384    275.0767344   -0.1473922
'HEB+6-4 '   2.2985000    293.2104677    0.0871000   2.1145370    275.1435134   -0.1541031
'HEB+8+4 '   2.2985000    293.2104677    0.0871000   2.1275771    274.9577829   -0.1306447
'HEB+8+2 '   2.2985000    293.2104677    0.0871000   2.1260739    275.0611417   -0.1363628
'HEB+8-2 '   2.2985000    293.2104677    0.0871000   2.1229685    275.1493511   -0.1482845
'HEB+8-4 '   2.2985000    293.2104677    0.0871000   2.1211998    275.1574124   -0.1553930
'HEB-4+0 '   2.2985000    293.2104677    0.0871000   2.0830532    275.0415755   -0.1327521
'HEB-3+0 '   2.2985000    293.2104677    0.0871000   2.0872406    275.0908443   -0.1331419
'HEB-2+0 '   2.2985000    293.2104677    0.0871000   2.0914621    275.0296311   -0.1349137
'HEB-1+0 '   2.2985000    293.2104677    0.0871000   2.0944454    275.0446607   -0.1355799
'HEB+0+0 '   2.2985000    293.2104677    0.0871000   2.0973784    275.0663244   -0.1363328
'HEB+1+0 '   2.2985000    293.2104677    0.0871000   2.1007474    275.1070427   -0.1367751
'HEB+2+0 '   2.2985000    293.2104677    0.0871000   2.1040700    275.0350584   -0.1383452
'HEB+3+0 '   2.2985000    293.2104677    0.0871000   2.1077238    275.0970574   -0.1384601
'HEB+4+0 '   2.2985000    293.2104677    0.0871000   2.1105170    275.0139619   -0.1399578
'HEB+5+0 '   2.2985000    293.2104677    0.0871000   2.1143862    275.1219550   -0.1397723
'HEB+6+0 '   2.2985000    293.2104677    0.0871000   2.1174758    275.0990156   -0.1406560
'HEB+7+0 '   2.2985000    293.2104677    0.0871000   2.1211334    275.1157238   -0.1409861
'HEB+8+0 '   2.2985000    293.2104677    0.0871000   2.1247186    275.0657530   -0.1425831
'HEB+9+0 '   2.3469000    293.9381241    0.0903000   2.1164040    275.1011803   -0.1407288
'HEB+10+0'   2.3469000    293.9381241    0.0903000   2.1201097    275.1170324   -0.1414032
'HEB+11+0'   2.3469000    293.9381241    0.0903000   2.1232055    275.0229577   -0.1433347
'HEB+12+0'   2.3469000    293.9381241    0.0903000   2.1264453    275.0553705   -0.1436849
'HEB+13+0'   2.3469000    293.9381241    0.0903000   2.1299539    275.0295960   -0.1449354
'HEB+14+0'   2.3469000    293.9381241    0.0903000   2.1334882    275.0988216   -0.1449420
'HEB+15+0'   2.3469000    293.9381241    0.0903000   2.1367413    275.0873443   -0.1458794
'HEB+16+0'   2.3469000    293.9381241    0.0903000   2.1400034    275.0197494   -0.1474697
'HEB+17+0'   2.3469000    293.9381241    0.0903000   2.1435427    275.0608587   -0.1478862
'HEB+18+0'   2.3469000    293.9381241    0.0903000   2.1470373    275.0518680   -0.1487210
'HEB+19+0'   2.3469000    293.9381241    0.0903000   2.1502056    275.0371804   -0.1498057
'HEB+20+0'   2.3469000    293.9381241    0.0903000   2.1536059    275.0224685   -0.1508066
'HEB+21+0'   2.3469000    293.9381241    0.0903000   2.1571596    275.0316113   -0.1516104
'HEB+22+0'   2.3469000    293.9381241    0.0903000   2.1607046    275.0397843   -0.1523460
'DEB+0+01'     1.490     0.000     -1.130     1.600      10.000      -1.100
'DEB+0+02'     1.490     0.000     -1.130     1.585      10.000      -1.098
'DEB+0+03'     1.490     0.000     -1.130     1.570      10.000      -1.095
'DEB+0+04'     1.490     0.000     -1.130     1.555      10.000      -1.093
'DEB+0+05'     1.490     0.000     -1.130     1.540      10.000      -1.090
'DEB+0+06'     1.490     0.000     -1.130     1.530      10.000      -1.078
'DEB+0+07'     1.490     0.000     -1.130     1.520      10.000      -1.065
'DEB+0+08'     1.490     0.000     -1.130     1.510      10.000      -1.052
'DEB+0+09'     1.490     0.000     -1.130     1.500      10.000      -1.040
'DEB+0+10'     1.490     0.000     -1.130     1.518      10.000      -1.030
'DEB+0+11'     1.490     0.000     -1.130     1.535      10.000      -1.020
'DEB+0+12'     1.490     0.000     -1.130     1.552      10.000      -1.010
'DEB+0+13'     1.490     0.000     -1.130     1.570      10.000      -1.000
'DEB+0+14'     1.490     0.000     -1.130     1.578      10.000      -1.025
'DEB+0+15'     1.490     0.000     -1.130     1.585      10.000      -1.050
'DEB+0+16'     1.490     0.000     -1.130     1.593      10.000      -1.075
'DEB+0+17'     1.490     0.000     -1.130     1.577      10.000      -1.076
'DEB+0+18'     1.490     0.000     -1.130     1.569      10.000      -1.054
'DEB+0+19'     1.490     0.000     -1.130     1.561      10.000      -1.032
'DEB+0+20'     1.490     0.000     -1.130     1.561      10.000      -1.076
'DEB+0+21'     1.490     0.000     -1.130     1.553      10.000      -1.058
'DEB+0+22'     1.490     0.000     -1.130     1.544      10.000      -1.039
'DEB+0+23'     1.490     0.000     -1.130     1.546      10.000      -1.077
'DEB+0+24'     1.490     0.000     -1.130     1.536      10.000      -1.061
'DEB+0+25'     1.490     0.000     -1.130     1.527      10.000      -1.046
'CXH-01  '   2.3446   -52.0015   0.1497   1.1663   11.3189   -0.0761
'CXH-02  '   2.3446   -52.0015   0.1497   1.1646   11.1215   -0.0875
'CXH-03  '   2.3446   -52.0015   0.1497   1.1511   11.0573   -0.0750
'CXH-04  '   2.3446   -52.0015   0.1497   1.1486   11.2485   -0.0880
'CXH-05  '   2.3446   -52.0015   0.1497   1.1349   11.1831   -0.0750
'CXH-06  '   2.3446   -52.0015   0.1497   1.1329   11.3591   -0.0879
'CXH-07  '   2.3446   -52.0015   0.1497   1.1198   11.2765   -0.0741
'CXH-08  '   2.3446   -52.0015   0.1497   1.1174   11.0731   -0.0866
'CXH-09  '   2.3446   -52.0015   0.1497   1.1035   11.3806   -0.0738
'CXH-10  '   2.3446   -52.0015   0.1497   1.1009   11.1930   -0.0857
'CXH-11  '   2.3446   -52.0015   0.1497   1.0881   11.4464   -0.0735
'CXH-12  '   2.3446   -52.0015   0.1497   1.0849   11.2731   -0.0855
'CXH-13  '   2.3446   -52.0015   0.1497   1.0723   11.1011   -0.0724
'CXH-14  '   2.3446   -52.0015   0.1497   1.0696   11.3150   -0.0851
'CXH-15  '   2.3446   -52.0015   0.1497   1.0566   11.1316   -0.0722
'CXH-16  '   2.3446   -52.0015   0.1497   1.0549   11.3157   -0.0851
'CVH-01  '   1.0553   11.3390   -0.4998   1.1470   11.0879   -0.0839
'CVH-02  '   1.0553   11.3390   -0.4998   1.1422   11.4358   -0.0842
'CVH-03  '   1.0553   11.3390   -0.4998   1.1371   11.1068   -0.0842
'CVH-04  '   1.0553   11.3390   -0.4998   1.1326   11.4364   -0.0841
'CVH-05  '   1.0553   11.3390   -0.4998   1.1281   11.0905   -0.0812
'CVH-06  '   1.0553   11.3390   -0.4998   1.1228   11.4686   -0.0822
'CVH-07  '   1.0553   11.3390   -0.4998   1.1183   11.1439   -0.0824
'CVH-08  '   1.0553   11.3390   -0.4998   1.1134   11.5007   -0.0800
'CVH-09  '   1.0553   11.3390   -0.4998   1.1090   11.1528   -0.0796
'CVH-10  '   1.0553   11.3390   -0.4998   1.1038   11.5225   -0.0807
'CVH-11  '   1.0553   11.3390   -0.4998   1.0990   11.1830   -0.0799
'CVH-12  '   1.0553   11.3390   -0.4998   1.0942   11.5345   -0.0808
'CVH-13  '   1.0553   11.3390   -0.4998   1.0896   11.1929   -0.0801
'CVH-14  '   1.0553   11.3390   -0.4998   1.0849   11.5364   -0.0787
'CVH-15  '   1.0553   11.3390   -0.4998   1.0800   11.2009   -0.0800
'CVH-16  '   1.0553   11.3390   -0.4998   1.0757   11.5644   -0.0786
'ENDE'           0.0      0.         0.0            0.0         0.      0.0

'BPU-1   '     2.26470   125.96310    -0.43140     2.59519   186.52000    -0.02615
'BPU-2   '     2.26470   125.96310    -0.43140     2.56857   186.99242    -0.03304
'BPU-3   '     2.26470   125.96310    -0.43140     2.54096   187.48469    -0.04091
'BPU-4   '     2.26470   125.96310    -0.43140     2.51393   187.96600    -0.04871
'BPU-5   '     2.26470   125.96310    -0.43140     2.48653   188.44826    -0.05547
'BPM-1   '     2.28950   126.32981    -0.34550     2.58560   187.40272    -0.12287
'BPM-2   '     2.28950   126.32981    -0.34550     2.55743   187.87787    -0.12899
'BPM-3   '     2.28950   126.32981    -0.34550     2.52885   188.36274    -0.13684
'BPM-4   '     2.28950   126.32981    -0.34550     2.50049   188.83883    -0.14287
'BPM-5   '     2.28950   126.32981    -0.34550     2.47260   189.30718    -0.14925
'BPO-1   '     2.30080   127.44621    -0.26060     2.58576   188.65311    -0.22736
'BPO-2   '     2.30080   127.44621    -0.26060     2.55501   189.15401    -0.23330
'BPO-3   '     2.30080   127.44621    -0.26060     2.52516   189.63909    -0.23912
'BPO-4   '     2.30080   127.44621    -0.26060     2.49548   190.12032    -0.24439
'BPO-5   '     2.30080   127.44621    -0.26060     2.46379   190.63317    -0.24913
